    startTime         endTime       duration    gap
[[3482670, 2132], [3483036, 1535]]      366     1930
[[3521695, 2281], [3521736, 755]]       41      38659
[[3522805, 2349], [3523004, 1620]]      199     1069
[[3566672, 2492], [3567486, 0]]         814     43668
[[3569265, 2269], [3569410, 0]]         145     1779
[[3608766, 2286], [3609021, 1862]]      255     39356
[[3653738, 2126], [3654295, 1357]]      557     44717
[[3656216, 2103], [3656405, 1352]]      189     1921
[[3694303, 1948], [3694775, 0]] 472 37898
[[3778607, 1971], [3779569, 0]] 962 83832
[[3786418, 2292], [3787223, 0]] 805 6849
[[3844119, 2102], [3845132, 1915]] 1013 56896
[[3847149, 2040], [3847629, 0]] 480 2017
[[3956766, 2108], [3957001, 1690]] 235 27546
[[3957645, 2057], [3958383, 1443]] 738 644
[[4029189, 2332], [4029648, 0]] 459 12191
[[4085634, 2200], [4086342, 0]] 708 42224
[[4088390, 2394], [4088610, 1913]] 220 2048
[[4127263, 2333], [4127814, 984]] 551 38653
[[4172203, 2262], [4172787, 0]] 584 44389
[[4174145, 2068], [4174397, 1134]] 252 1358
[[4212652, 2498], [4212666, 0]] 14 38255
[[4212901, 2051], [4213320, 0]] 419 235
[[4258399, 2097], [4259243, 0]] 844 45079
[[4260686, 2028], [4260954, 1839]] 268 1443
[[4299451, 2005], [4299838, 1753]] 387 38497
[[4345091, 1937], [4345654, 0]] 563 45253
[[4347499, 2005], [4347690, 1787]] 191 1845
[[4393664, 2085], [4394131, 858]] 467 45974
[[4431544, 2349], [4432118, 1874]] 574 37413
[[4434249, 1953], [4434559, 0]] 310 2131