    startTime         endTime   duration    gap
[[3921463, 2063], [3921530, 0]]     67
[[3921590, 2194], [3921626, 0]]     36      60
[[3922102, 2029], [3922165, 0]]     63      476
[[3922405, 2023], [3922480, 0]]     75      240
[[3922884, 2052], [3922946, 0]]     62      404
[[3922998, 2081], [3923031, 0]]     33      52
[[3923211, 2023], [3923265, 0]]     54      180
[[3923596, 2081], [3923651, 0]]     55      331
[[3923682, 2052], [3923716, 0]]     34      31
-------------------------------------------------
[[3927347, 2194], [3927394, 795]]   47
[[3927768, 2006], [3927838, 0]]     70      374
[[3928018, 2000], [3928074, 0]]     56      180
[[3928481, 2143], [3928537, 0]]     56      407
[[3928779, 2018], [3928832, 0]]     53      242
[[3929162, 1995], [3929220, 0]]     58      330
-------------------------------------------------
[[4011104, 2217], [4011152, 0]]     48
[[4011816, 2097], [4011827, 1117]]  11      664
[[4011883, 2006], [4011951, 0]]     68      56
[[4012191, 2023], [4012254, 1318]]  63      240
[[4012667, 2023], [4012734, 0]]     67      413
[[4012979, 2040], [4013026, 911]]   47      245
[[4013372, 1966], [4013419, 659]]   47      346
[[4013644, 2109], [4013668, 0]]     24      225
-------------------------------------------------
[[4014623, 2217], [4014715, 0]]     92
[[4015475, 1960], [4015541, 0]]     66      760
[[4015775, 1983], [4015843, 0]]     68      234
[[4016240, 2069], [4016311, 0]]     71      397
[[4016546, 2012], [4016600, 0]]     54      235
[[4016931, 1972], [4016998, 0]]     67      331
-------------------------------------------------
[[4041840, 2212], [4041907, 0]]     67
[[4041962, 2079], [4042007, 0]]     45      55
[[4042558, 1989], [4042651, 0]]     93      551
[[4043091, 2040], [4043213, 0]]     122     440
[[4043358, 1983], [4043410, 0]]     52      145
-------------------------------------------------
[[4472142, 2097], [4472242, 0]]     100
[[4473013, 1995], [4473079, 0]]     66      771
[[4473259, 1949], [4473331, 0]]     72      180
[[4473729, 1994], [4473804, 0]]     75      398
[[4474045, 2046], [4474092, 0]]     47      241
[[4474460, 2069], [4474531, 0]]     71      368
-------------------------------------------------
[[4476754, 2131], [4476811, 0]]     57
[[4477367, 2270], [4477417, 572]]   50      556
[[4477609, 2052], [4477667, 0]]     58      192
[[4478070, 2035], [4478129, 0]]     59      403
[[4478373, 2075], [4478420, 0]]     47      244
[[4478755, 2046], [4478813, 0]]     58      335
-------------------------------------------------
                                 122,11    771,31

