3480000	0
3480570	3441
3480614	229
3480616	0
3480724	3441
3480770	229
3480772	0
3481014	688
3481194	458
3481204	0
3481230	2064
3481265	1376
3481289	458
3481303	0
3481394	3441
3481436	2294
3481457	2064
3481495	0
3481552	2294
3481591	2064
3481633	1147
3481636	917
3481653	229
3481662	0
3481721	3211
3481727	3441
3481734	3211
3481755	2523
3481768	229
3481770	0
3481826	458
3481848	0
3482423	3211
3482440	3441
3482469	0
3482582	1835
3482622	2064
3482662	688
3482667	917
3482674	1605
3482683	1376
3483056	0
3483340	1147
3483411	0
3484635	458
3484642	0
3521686	1605
3521716	2064
3521727	1605
3521739	458
3521769	0
3522024	229
3522035	0
3522075	1147
3522090	0
3522241	1147
3522327	229
3522413	1147
3522440	229
3522456	0
3522750	688
3522769	2294
3522775	2064
3522797	1147
3522813	1835
3522819	1605
3522831	1376
3523009	229
3523035	0
3523263	229
3523271	0
3523468	458
3523479	0
3531414	2064
3531440	1147
3531446	917
3531464	0
3532299	458
3532312	0
3533306	458
3533341	0
3533389	917
3533438	229
3533461	0
3535096	2064
3535104	1835
3535124	2294
3535147	2753
3535163	1835
3535175	1147
3535195	0
3535633	688
3535652	0
3535688	1147
3535746	0
3537822	1835
3537828	1147
3537837	917
3537849	688
3537859	458
3537870	0
3566468	2064
3566519	1147
3566545	458
3566556	0
3566670	2294
3566700	458
3566715	2294
3566735	2064
3566776	229
3566787	917
3566799	1376
3566845	1835
3566857	2064
3566866	1605
3566990	1376
3567188	1147
3567470	917
3567481	0
3567909	1605
3567921	1147
3567929	688
3567982	0
3568009	458
3568022	0
3568567	458
3568589	0
3568784	3211
3568800	3441
3568808	3211
3568829	229
3568831	0
3569045	2064
3569141	1376
3569157	1147
3569167	917
3569174	688
3569238	458
3569274	1376
3569405	0
3570762	1376
3570775	0
3570956	917
3570977	458
3570995	0
