3542411	12644
3542575	12529
3542913	12616
3543091	12491
3543304	12655
3543495	12540
3543702	12676
3544288	11201
3544552	11112
3544740	11256
3544911	11166
3545523	11023
3545710	11139
3546561	11049
3546641	11183
3547360	11003
3547546	11164
3547768	12670
3548247	11201
3548316	11058
3548520	11164
3549204	11049
3549269	12502
3549398	12637
3549621	12549
3549748	11128
3550071	10968
3550264	11101
3550768	12569
3550938	12390
3551068	10968
3551142	11084
3551481	11183
3551788	12605
3552179	12470
3552267	11030
3552384	11136
3552812	11449
3553144	11297
3553168	12756
3553368	12870
3553472	17010
3553520	16925
3553649	15523
3553799	11431
3554116	11084
3554205	10950
3554376	11038
3554433	11262
3554548	12667
3554920	12517
3555148	11090
3555165	11224
3555627	11109
3555864	11251
3556227	12692
3556310	12549
3556552	12645
3556828	11197
3557034	11018
3557050	10850
3557275	11028
3557487	11148
3557732	11059
3557791	12468
3557961	12594
3558138	12694
3558391	11238
3558409	11086
3558611	11213
3558649	11330
3558836	11221
3559065	11085
3559312	11227
3559348	12673
3559750	12501
3559818	12589
3559949	11122
3560004	11229
3560395	11085
3560648	11210
3560874	11294
3560908	12794
3561055	12593
3561317	12677
3561570	11193
3561725	11015
3561978	11130
3562219	11039
3562351	12533
3562401	12401
3562644	12488
3562803	12588
3562830	11138
3563088	11058
3563340	11192
3563728	12587
3563750	12444
3563988	12644
3564096	12559
3564449	11092
3564480	10958
3564657	11039
3564726	11192
3564859	11102
3565149	10959
3565349	12431
3565411	12527
3565828	11064
3565835	10940
3566102	11073
3566370	11383
3566411	11294
3566500	11180
3566717	15378
3566725	15290
3566747	15426
3567089	16782
3567193	16691
3567329	16599
3567437	16705
3567604	16803
3567652	16903
3567748	15532
3567859	15426
3567932	15921
3568091	15471
3568119	17051
3568125	17238
3568179	15676
3568212	16234
3568336	15896
3568391	15808
3568473	16247
3568533	15817
3568624	15637
3568648	15484
3568773	15366
3568894	15523
3569356	15418
3569520	17097
3569593	17233
3569651	17149
3569666	15576
3569722	15268
3569830	15439
3569973	15241
3570044	15497
3570080	15374
3570318	15497
3570360	15211
3570655	15298
3570791	15149
3570897	15237
3570975	15124
3570992	15036
3571010	6168
3571021	4974
3571032	5118
3571102	5024
3571261	4943
3571544	4843
3571757	4965
3573021	814
3574353	688
3574500	869
3575096	670
3575223	832
3575795	613
3575923	723
3576465	579
3576584	743
3577212	11100
3577252	10820
3578610	1785
3578648	857
3578803	697
3578930	822
3580026	5049
3580036	4957
3580515	823
3581151	735
3582555	825
3585030	10973
3585442	11054
3585585	1702
3585625	814
3586108	725
3587936	10912
3587964	11054
3588520	10973
3588983	11054
3589311	1681
3589318	923
3589344	831
3591544	741
3591781	10921
3592343	11011
3593216	1683
3593255	723
3593495	849
3594505	5127
3594517	5041
3594926	831
3595970	11143
3596218	11423
3596453	11340
3597157	11260
3597632	1697
3597673	751
3599059	843
3599127	11312
3599313	11394
3599694	11480
3600096	11377
3603399	11296
3604545	11413
3604705	11305
3604822	11413
3605469	11321
3605489	11176
3605615	11311
3606177	11166
3606303	11283
3606833	11546
3606969	11676
3607027	11912
3607087	13677
3607125	11857
3607173	11940
3607222	11813
3607510	11910
3607810	11786
3607946	11907
3608138	11809
3608234	11948
3608249	13420
3608400	13320
3608501	13233
3608627	13409
3608834	17511
3608852	17407
3609113	17223
3609253	17376
3609291	17090
3609391	15716
3609403	15629
3609632	15514
3609673	17120
3609732	15505
3609781	15637
3609849	15721
3610001	15641
3610262	15514
3610409	15672
3610509	15809
3610651	17223
3610743	17141
3610829	17020
3610979	17159
3611169	18826
3611192	17427
3611227	15809
3611256	17439
3611383	17352
3611568	15851
3611584	17410
3611602	15869
3611615	17410
3611638	13403
3611791	13323
3611819	13415
3611833	13328
3612103	13426
3612179	11839
3612200	2466
3612225	4064
3612240	3276
3612331	4715
3612580	2978
3612930	1533
3613099	1835
3613118	1551
3613261	1650
3613339	5995
3613351	5893
3613797	1633
3613951	3027
3614672	3111
3614732	11869
3615021	11970
3615120	11887
3615189	12166
3615248	11985
3615370	11861
3616110	13272
3616228	13352
3616267	13193
3616650	11748
3616733	2318
3616774	1527
3617430	2973
3617564	2885
3617692	3235
3617850	1793
3617913	6151
3617950	6056
3618236	6334
3618306	7526
3618381	6352
3618582	7520
3618614	6359
3618694	8940
3618709	7770
3618753	17647
3618857	17470
3618875	17752
3618944	13771
3618973	13447
3619068	13135
3619141	13246
3619164	12974
3619230	11387
3619279	11468
3619624	11550
3619960	15717
3619983	15624
3620038	15883
3620071	17343
3620248	17054
3620582	17290
3620619	11826
3621080	12134
3621145	12054
3621378	2619
3621418	1789
3621511	3223
3621601	2936
3621810	2727
3621823	2616
3621839	2902
3621885	2995
3621914	2570
3621925	2481
3622050	1054
3622388	835
3622583	672
3622657	11067
3622709	11219
3623323	12637
3623575	12730
3624454	12648
3624588	12758
3624914	12670
3624972	12570
3625112	12709
3626036	12794
3626119	3142
3626159	2320
3627103	2211
3628246	2304
3628601	6657
3628614	6572
3715205	2869
3715814	2708
3717927	2852
3717993	3051
3718202	2739
3718228	3029
3718242	7736
3718254	7583
3718306	7021
3718710	2467
3719972	2370
3721939	13278
3722619	13195
3722906	3207
3722978	2405
3723915	13187
3726114	13092
3726220	3093
3726261	2312
3727283	2403
3727641	13140
3727878	13227
3730023	13144
3731084	13063
3731326	13150
3731814	13063
3732617	13154
3732839	3188
3732880	2385
3733221	13223
3734027	13136
3734134	13227
3734634	13010
3735053	13107
3735242	13021
3735335	12851
3735367	17114
3735385	17000
3735401	17341
3735627	17529
3735728	13204
3736365	13124
3736859	13037
3736958	13121
3738515	13201
3739497	13110
3740687	13030
3740846	11525
3741089	11618
3741263	13118
3741839	13034
3743485	12951
3743608	13039
3744623	11536
3744924	13121
3744966	13034
3745812	3106
3745852	2379
3747194	2267
3747803	797
3748130	11563
3748284	13092
3749013	13182
3749527	13092
3749680	13219
3750315	3223
3750339	13297
3750353	13158
3750633	19264
3750638	19176
3750690	17424
3750896	19138
3750987	16018
3751138	11647
3751285	13198
3751480	13118
3752606	13026
3752961	17428
3752968	17341
3753084	15870
3753092	16086
3753153	15870
3753417	16036
3753566	17475
3753693	17384
3754169	13216
3755543	11693
3756024	13216
3756223	13300
3756244	13208
3756539	13300
3756592	13168
3756675	13248
3756854	13164
3757559	17526
3757711	17439
3757945	15972
3758075	11677
3758140	11593
3758270	11720
3758425	13245
3758478	13158
3758742	13245
3759160	13377
3759429	13245
3759978	13334
3760040	13246
3760285	11681
3760824	13206
3760856	17544
3760890	17449
3761239	13220
3761482	13092
3761853	13009
3761940	3114
3761980	2301
3762565	871
3762837	779
3763044	2308
3763082	3006
3763106	6869
3763119	6782
3763600	8783
3763623	9015
3763646	9107
3763746	9190
3763849	4768
3764050	4898
3764230	5294
3764272	5211
3764365	3739
3764691	11706
3764700	11562
3764846	13136
3765639	13046
3765858	13141
3766105	11634
3766524	13140
3767640	13057
3768205	11618
3768628	13118
3769074	13030
3769160	13110
3769654	13191
3770005	11661
3770425	13180
3770756	17428
3771056	17338
3771106	13049
3771288	13129
3771946	13253
3771998	13344
3772087	13253
3772144	13424
3772185	13290
3772347	11814
3772569	11897
3772705	13435
3772710	13344
3772933	13253
3772980	13363
3773302	13275
3773740	13151
3773912	13238
3774025	11739
3774150	11824
3774226	11906
3774349	11788
3774388	13257
3774473	13366
3774580	13461
3774596	13377
3774627	13457
3774718	13308
3774780	13443
3774817	13341
3774869	13436
3774954	13352
3775020	13435
3775474	13315
3775514	3249
3775527	1165
3775549	1075
3775912	1168
3776006	2588
3776457	2683
3776522	2518
3776629	2598
3777265	1163
3777686	2654
3777899	2561
3778486	4413
3778510	4830
3778525	4922
3778543	5264
3778585	5006
3778645	3611
3778683	8133
3778693	8053
3778841	18399
3778864	16782
3778874	17179
3778971	17427
3779018	17800
3779066	19821
3779082	9165
3779090	9846
3779129	9939
3779372	10024
3779487	10105
3779669	10284
3780025	8749
3780267	9976
3780291	10443
3780584	10203
3780807	8766
3780984	8676
3781166	10251
3781522	10171
3781771	19976
3781792	18524
3781816	18830
3781841	18725
3781857	18821
3781889	18911
3781934	19055
3781974	19197
3782007	19486
3782040	19826
3782068	20025
3782095	19738
3782199	8592
3782304	8672
3782406	8570
3782665	10087
3782838	10168
3782905	17922
3782912	17802
3782977	17676
3783057	17766
3783250	17682
3783426	17766
3783501	17967
3783925	16523
3784210	16630
3784418	18285
3784465	19697
3784483	15525
3784728	15433
3784792	5668
3784848	4902
3785019	3123
3785315	4761
3785328	4917
3785485	3433
3785583	1599
3785682	1941
3785965	3450
3786131	8059
3786141	7936
3786323	8080
3786891	7790
3787169	7973
3787298	8518
3787338	8781
3787461	8864
3787568	8660
3787593	8568
3787760	8661
3787956	9040
3788044	10212
3788127	9014
3788275	10205
3788288	9006
3788388	9955
3788398	9055
3788610	8953
3788658	9128
3789058	9385
3789159	19339
3789177	17961
3789204	18201
3789303	18309
3789330	18399
3789369	18615
3789412	18960
3789443	19212
3789586	9388
3789805	9121
3789974	8916
3790172	9007
3790738	6761
3790753	6249
3790897	6161
3791577	6244
3791652	1652
3791904	3699
3791950	3592
3791962	1603
3792698	3494
3792718	3791
3792751	3884
3793030	3972
3793269	4054
3793327	4435
3793571	8875
3793584	8767
3793784	8854
3793894	8564
3793930	8667
3793956	8945
3794010	9044
3794042	8879
3794097	9110
3794118	8850
3794365	18756
3794385	17277
3794408	17606
3794520	17707
3794542	17830
3794559	17931
3794614	18199
3794651	18506
3794676	18647
3794716	14442
3794818	14616
3794836	3253
3794986	14394
3795001	14268
3795119	14352
3795157	4314
3795162	3947
3795203	4058
3795461	4165
3795614	4510
3795666	4399
3795767	4531
3796417	4623
3796671	4528
3796861	4608
3797171	12555
3797181	12355
3797348	12237
3797366	12407
3797396	12319
3797615	2499
3797654	1637
3797924	1728
3798033	1624
3798951	1713
3799087	1621
3799317	1731
3799353	1621
3800690	1759
3800738	1522
3800778	1616
3800892	1411
3800949	1724
3801023	6331
3801033	6216
3801100	5884
3801160	5655
3801197	5461
3801273	6966
3801607	2430
3802448	893
3802514	2384
3802758	909
3802829	2406
3803065	910
3803139	2407
3803374	909
3803450	2402
3803694	892
3803764	2369
3804048	892
3804124	2403
3804277	2314
3804383	837
3804455	2295
3804773	799
3804856	2297
3805121	820
3805198	2299
3805472	840
3805553	2357
3805790	950
3805865	2434
3806184	913
3806267	2431
3806501	916
3806577	2438
3806823	930
3806897	2426
3807193	929
3807267	2424
3807545	909
3807622	2405
3807884	910
3807965	2402
3808235	891
3808286	2867
3808312	4550
3808468	4632
3808565	3189
3808642	4721
3808958	3305
3809037	4817
3809312	3290
3809391	4825
3809677	3345
3809754	4872
3810082	798
3810161	2325
3810431	853
3810511	2327
3810790	834
3810866	2303
3810917	2399
3811187	890
3811248	5458
3811271	6863
3811597	928
3811678	2399
3811860	929
3811939	4476
3812059	4565
3812127	3086
3812200	4616
3812501	3168
3812581	4694
3812794	3263
3812866	4772
3813081	3318
3813150	4846
3813394	3350
3813468	4834
3813744	3347
3813819	4885
3814060	3399
3814138	4889
3814218	15360
3814236	13792
3814263	14181
3814364	14381
3814424	14811
3814446	15011
3814470	13585
3814547	15083
3814650	15235
3814683	3875
3814784	2456
3814822	13633
3814832	13452
3814858	14926
3814994	4879
3814998	4583
3815164	3179
3815244	4682
3815507	3255
3815583	4805
3815841	3310
3815920	4797
3816166	3349
3816242	4838
3816298	2466
3816303	2356
3816497	887
3816571	2377
3816761	906
3816830	2377
3817091	906
3817170	2385
3817409	928
3817483	2420
3817724	926
3817800	2407
3818014	4231
3818029	4465
3818071	3076
3818150	4627
3818439	3194
3818520	4742
3818746	3302
3818821	4775
3819086	3367
3819166	4880
3819429	3386
3819507	4902
3819832	3416
3819913	4905
3820208	3398
3820289	4918
3820519	3427
3820596	4936
3820843	3385
3820920	4911
3821136	3427
3821213	4906
3821518	3422
3821602	4940
3821852	3461
3821930	4987
3822242	3475
3822324	5028
3822609	3496
3822691	5009
3823011	3496
3823096	5028
3823353	3564
3823432	5020
3823693	3524
3823773	5047
3824038	3527
3824118	5035
3824370	3527
3824447	5043
3824644	3527
3824718	5057
3824969	3549
3825046	5047
3825343	3505
3825425	4965
3825536	13257
3825549	13056
3825748	11537
3825827	13056
3826111	11517
3826186	13005
3826334	12921
3826563	11453
3826649	12958
3826938	11434
3827013	12984
3827244	12900
3827268	11479
3827339	13028
3827469	12938
3827649	11450
3827725	12905
3828033	11396
3828109	12855
3828455	11405
3828538	12930
3828792	11459
3828866	12966
3829186	11459
3829263	12948
3829462	12862
3829538	11359
3829616	12883
3829903	11461
3829980	12981
3830273	15711
3830351	17233
3830624	12983
3830649	11497
3830728	13049
3830864	12951
3831002	11482
3831080	12961
3831444	11463
3831534	12950
3831782	11463
3831866	12943
3832138	11463
3832216	3050
3832259	2194
3832382	741
3832453	2230
3832638	2327
3832663	853
3832740	2368
3832756	853
3834245	2521
3834260	2962
3834280	3091
3834321	5179
3834378	3205
3834519	3285
3834837	3380
3835038	3467
3835193	8005
3835588	3465
3835621	3571
3836098	3491
3836222	5417
3836309	3445
3837275	3557
3838169	3652
3838694	3565
3839051	3665
3839134	3566
3839681	3649
3839898	3560
3840096	8276
3840101	8135
3840420	8459
3840435	3946
3840480	3856
3841630	3946
3841747	954
3841884	857
3843179	951
3844235	5516
3844242	5405
3845209	5314
3845369	5442
3846510	7375
3846546	8010
3846650	7308
3846784	7808
3846851	7193
3846871	7436
3846908	5673
3846933	7466
3846996	7156
3847430	5392
3847576	7120
3847635	5387
3847664	7101
3847692	5373
3847717	7095
3847750	5396
3848892	7168
3848949	5420
3849837	5336
3849938	5424
3850176	7497
3850189	7718
3850229	8043
3850464	7903
3850544	7983
3850701	8130
3850806	8480
3850915	8395
3851493	8498
3851541	8414
3851924	6053
3851939	5396
3853112	877
3855175	781
3856701	874
3859414	2065
3859426	2396
3859449	2525
3859510	2618
3859889	2707
3859929	7258
3859939	7153
3860129	7233
3860380	2704
3861008	876
3861010	764
3861994	877
3864557	974
3864586	2355
3864601	2558
3864631	2652
3864759	2515
3864790	2895
3864957	3011
3865247	5041
3865346	3071
3865651	3158
3865929	3257
3866034	2927
3866314	3035
3866461	14332
3866561	3178
3866758	4746
3867160	15862
3867171	15762
3867302	20039
3867307	19950
3867328	10239
3867335	9894
3867364	9977
3867445	10065
3867903	10204
3867923	10113
3867950	8944
3868011	10433
3868033	10166
3868166	5784
3868271	4282
3868339	5826
3868751	4282
3868832	5826
3869058	5631
3869222	4156
3869306	5687
3869558	13796
3869568	13633
3869674	12152
3869754	13644
3870063	13482
3870107	12383
3870159	14173
3870180	15424
3870195	15264
3870208	13478
3870342	13595
3870404	13680
3870483	12154
3870559	13710
3870631	13626
3870862	12124
3870932	13544
3871114	13626
3871220	13753
3871273	12271
3871335	16646
3871350	18003
3871622	17919
3871763	13712
3871779	12212
3871857	13741
3872226	12338
3872308	13854
3872441	13765
3872616	12318
3872693	13849
3873015	12336
3873092	13837
3873317	12365
3873387	13837
3873802	12365
3873883	13837
3873935	13728
3874055	18069
3874068	17963
3874214	16493
3874294	18011
3874467	13673
3874534	12190
3874607	13728
3874681	13633
3874942	12190
3875019	13765
3875328	12273
3875405	13823
3875600	13728
3875731	12300
3875809	13812
3876149	12263
3876234	13783
3876282	18120
3876305	18033
3876342	18325
3876392	18066
3876699	16638
3876791	18096
3876831	13812
3877019	13728
3877075	12263
3877158	13765
3877409	12263
3877488	13723
3877695	12168
3877764	13712
3877919	13794
3877952	13648
3877985	13885
3878062	14185
3878150	13910
3878172	12419
3878261	13995
3878409	12474
3878419	12355
3878432	12274
3878472	13557
3878553	13450
3878707	13531
3878836	11982
3878920	13560
3879158	12122
3879236	13597
3879538	12030
3879614	13681
3879740	13597
3879806	13677
3879917	13597
3879952	12057
3880037	13670
3880110	12075
3880231	13637
3880796	12028
3880852	12110
3880951	13623
3881146	13531
3881250	12030
3881306	12112
3881443	12018
3881492	13538
3881815	13627
3882011	13510
3882050	13410
3882075	11911
3882261	12093
3882870	13608
3883134	13407
3883352	13557
3883488	13915
3883592	13561
3883653	16289
3883718	17925
3883773	17838
3883830	7774
3883870	7188
3883986	2703
3884009	1022
3884087	2558
3884138	2474
3884243	2625
3884262	1150
3884334	2623
3884397	2713
3884599	1279
3884681	2771
3884765	2681
3884850	1223
3884968	1334
3885357	1150
3885547	1337
3885750	2786
3886531	1336
3886591	2811
3886794	1320
3886866	2816
3887078	1299
3887155	2790
3887250	1298
3887423	1112
3887512	1207
3887595	1043
3887621	1338
3887813	1136
3887864	1227
3887908	1061
3887979	895
4060811	3247
4060852	2406
4060945	911
4061021	2424
4061297	947
4061381	2420
4061666	947
4061749	2461
4061839	911
4062560	2403
4063208	909
4063272	2399
4063513	928
4063588	2403
4063890	927
4063973	2399
4064227	911
4064271	818
4064305	2316
4064489	836
4064566	2352
4064826	872
4064907	2306
4065220	816
4065306	2394
4065537	910
4065612	2440
4065874	910
4065953	2422
4066159	890
4066879	2420
4067620	909
4067681	2418
4067958	962
4068035	2433
4068205	945
4068277	2416
4068572	889
4068652	2433
4068889	2286
4068934	834
4069018	2309
4069275	817
4069353	2310
4069630	853
4069713	2327
4069984	797
4070062	2305
4070323	797
4070402	2322
4070539	926
4070660	2422
4070779	909
4071559	2398
4072303	904
4072364	2394
4072578	909
4072649	2418
4072930	908
4073009	2394
4073255	926
4073334	2394
4073614	887
4073695	2415
4073954	944
4073999	11625
4074022	11535
4074038	13041
4074211	11553
4074279	13009
4074314	12926
4074602	13013
4074645	17344
4074686	15826
4074770	17326
4074968	13066
4075002	11563
4075075	13045
4075221	3067
4075263	2282
4075364	814
4075445	2303
4075751	812
4075834	2316
4076195	943
4077019	2390
4077393	13067
4077848	11552
4077915	13057
4078200	13176
4078227	11665
4078302	13125
4078616	13042
4078648	11553
4078738	3133
4078777	2338
4078821	13067
4078999	11561
4079075	13009
4079194	13100
4079363	11627
4079440	13136
4079454	13016
4079760	11582
4079841	13132
4079904	13038
4080126	11453
4080205	13009
4080439	11519
4080511	13055
4080560	12969
4080791	11517
4080868	12969
4081215	11491
4081301	13110
4081637	11579
4081667	11489
4081720	12999
4082070	11497
4082151	13038
4082387	12952
4082519	11497
4082569	11579
4082602	13064
4082718	12959
4082922	13226
4082940	11720
4083026	13235
4083462	13143
4083675	11563
4083783	13158
4084026	11646
4084108	13183
4084410	11647
4084486	13186
4084723	11655
4084803	13165
4084926	13077
4085095	11525
4085168	13121
4085277	13359
4085461	11865
4085537	13402
4085666	17772
4085675	17682
4085833	16169
4085913	17652
4086213	16124
4086292	17602
4086388	17503
4086466	17593
4086614	16132
4086696	17753
4086760	16250
4086796	16808
4086836	16700
4086945	16114
4087125	16646
4087210	16056
4087253	16164
4087326	17897
4087388	6259
4087426	5764
4087499	5865
4087548	6012
4087687	5847
4087790	7563
4087890	16196
4087977	17921
4088002	16263
4088099	16178
4088533	16539
4088872	16625
4088937	16739
4089003	16630
4089040	16507
4089165	16612
4089269	16484
4089336	16215
4090254	6020
4090295	5478
4091510	5363
4091577	5456
4091646	951
4095192	863
4097370	5594
4097378	5482
4097873	938
4100478	842
4102394	935
4105693	2581
4105719	3019
4105732	3108
4105823	3200
4106125	3298
4106332	3671
4107238	1082
4107243	859
4108004	952
4110562	5572
4110574	5442
4110967	933
4111260	2308
4111285	2457
4111300	2994
4111332	3085
4111474	3194
4111937	3618
4112518	13942
4112556	13417
4112613	14216
4112654	13844
4112688	3590
4112894	972
4112899	822
4113671	916
4117267	824
4117479	2241
4117493	2389
4117522	2960
4117555	3056
4117712	3148
4117910	3239
4118164	3680
4118381	11971
4118393	11815
4119052	11722
4119270	11805
4120779	11702
4122849	11600
4124181	11515
4124878	11605
4124974	11521
4125134	11812
4125663	11728
4126416	11844
4126442	11935
4126555	12243
4126654	12521
4126697	12420
4126757	14232
4126828	12441
4127258	14091
4127299	14000
4127323	18345
4127339	18255
4127533	18355
4127696	18273
4128043	18042
4128106	17918
4128139	18009
4128435	8147
4128474	6067
4128476	5975
4128526	7503
4128944	5939
4129027	7478
4129806	5934
4129910	7454
4130144	6039
4130219	7552
4130335	13624
4130338	13744
4130509	12186
4130531	12273
4130580	13753
4130583	13672
4130651	13758
4130757	13676
4130797	13781
4130819	18103
4130843	17994
4130861	18135
4130934	16730
4130982	16636
4131014	18153
4131191	18027
4131252	16532
4131324	18096
4131357	18012
4131640	13751
4131713	12286
4131790	13757
4132040	12273
4132087	12412
4132117	13974
4132451	12526
4132527	14086
4132646	13949
4132670	3918
4132710	3289
4132830	1824
4132908	3295
4133120	3210
4133175	1746
4133254	3486
4133525	1920
4133601	3443
4133859	1920
4133934	3451
4134167	8086
4134182	6481
4134259	8024
4134455	7589
4134614	6091
4134661	16737
4134699	18332
4134720	18190
4134760	18277
4134783	20019
4134849	13983
4135051	12557
4135133	14068
4135390	13954
4135482	12510
4135562	13972
4135832	12464
4135855	12557
4135913	14055
4135973	15748
4136029	14086
4136083	15354
4136163	14196
4136186	4129
4136227	1874
4136270	3087
4136285	1874
4136314	4295
4136325	3369
4136365	3278
4136476	3640
4136531	2131
4136593	2024
4136611	3580
4136823	3500
4136889	2024
4136969	3540
4136998	3627
4137228	2040
4137239	2134
4137309	3682
4137361	8261
4137412	8161
4137472	8443
4137505	8351
4137582	7903
4137608	6368
4137687	7860
4137754	7970
4137837	8062
4137884	3534
4137896	2040
4137969	3515
4138085	14299
4138219	14406
4138242	12873
4138318	14371
4138551	14156
4138564	12635
4138646	18614
4138655	18471
4138679	20143
4138733	18526
4138834	17011
4138901	18541
4139255	12651
4139325	14236
4139624	12729
4139636	2573
4139645	1975
4139674	1828
4139704	3370
4139951	1835
4140033	3396
4140262	1843
4140338	3380
4140586	1803
4140661	3378
4140850	1820
4140922	3335
4141155	1819
4141231	3372
4141436	1814
4141510	3324
4141773	1810
4141847	3353
4142054	1809
4142138	14051
4142333	13937
4142491	12451
4142575	13997
4142666	13851
4142850	12289
4142927	13830
4142934	13739
4143009	13892
4143050	13776
4143081	13696
4143096	13892
4143112	13732
4143149	18117
4143164	16521
4143210	16647
4143236	18165
4143401	17849
4143417	17609
4143505	16063
4143582	17609
4143733	13242
4143824	11674
4143900	13263
4144010	13165
4144227	11673
4144311	13242
4144516	3281
4144555	2426
4144587	967
4144676	2466
4144895	948
4144975	2466
4145172	2384
4145207	911
4145284	2426
4145483	893
4145602	2424
4145724	929
4146143	2411
4146263	913
4146625	2411
4146887	2318
4147337	820
4147405	2334
4147657	820
4147738	2321
4148090	820
4148189	2338
4148402	914
4148485	2434
4148736	933
4148821	2446
4149050	913
4149128	2434
4149387	914
4149468	2415
4149564	914
4150404	2430
4151119	914
4151182	2413
4151456	893
4151539	2391
4151831	893
4151918	2337
4152155	819
4152238	2337
4152442	820
4152522	2324
4152739	837
4152815	2335
4153073	818
4153156	2316
4153315	818
4153387	2316
4153585	2396
4153658	932
4153739	2430
4153954	894
4154031	2410
4154092	13208
4154339	11674
4154425	13121
4154702	11656
4154784	13235
4155014	13150
4155033	11638
4155112	13118
4155196	17515
4155213	17424
4155345	7478
4155386	6826
4155400	5320
4155481	6863
4155517	2384
4155770	910
4155852	2366
4156011	909
4156945	2402
4157125	2308
4157396	12982
4157465	13066
4157682	11546
4157748	13113
4158040	11629
4158118	13084
4158427	11519
4158508	13045
4158681	3108
4158720	2327
4158879	855
4158972	2330
4159197	928
4159285	2402
4160185	909
4160305	2436
4160425	891
4160522	11627
4161265	13110
4161667	12984
4161899	13082
4162016	3167
4162038	1800
4162055	948
4162107	2424
4162310	892
4162387	2426
4162598	927
4162675	2399
4162706	2308
4162897	797
4162978	2327
4163212	820
4163296	2334
4163517	7725
4163538	11647
4163620	13135
4163756	13051
4163920	11519
4164006	13001
4164261	11546
4164324	11639
4164339	13175
4164421	13091
4164595	11575
4164615	11666
4164672	13201
4164901	3217
4164922	1827
4164940	913
4165002	2395
4165227	11720
4165267	11610
4165289	13161
4165528	11740
4165607	13241
4165811	11779
4165886	13295
4166165	11732
4166245	13292
4166452	13204
4166497	11666
4166578	13233
4166839	11750
4166918	13329
4166941	13233
4167177	11769
4167257	13270
4167474	11722
4167547	13288
4167599	13204
4167813	11648
4167894	13161
4168202	13077
4168314	11583
4168409	13135
4168647	11583
4168725	13113
4168879	13027
4169017	11481
4169098	13009
4169324	11517
4169401	13016
4169700	11452
4169780	12919
4170025	11453
4170148	11589
4170535	11497
4170704	11582
4170744	13089
4171466	11571
4171531	13089
4171690	13417
4171850	11890
4171910	16299
4171929	17706
4172204	16205
4172286	17742
4172527	16236
4172608	17775
4172632	17670
4172854	17587
4172876	16106
4172956	17652
4173026	17565
4173108	16137
4173230	16258
4173464	17973
4173524	16267
4173717	16137
4173742	16330
4173827	16209
4173959	16110
4174041	16030
4174061	17713
4174113	17624
4174216	15998
4174506	15714
4174967	15931
4175301	16083
4175396	16003
4175573	16083
4175675	15875
4175727	15778
4175935	15698
4176831	15779
4177187	5815
4177196	5310
4177240	5214
4177960	819
4178726	725
4180155	823
4183748	725
4185208	5318
4185223	5207
4185699	816
4189291	730
4191028	825
4194727	730
4196617	840
4200333	748
4201099	2162
4201119	2368
4201150	2478
4201290	7146
4201297	7041
4201590	7127
4201681	2674
4201943	729
4202256	841
4203928	2310
4203950	2459
4203987	2553
4204272	2642
4204741	2724
4208196	2805
4209026	3810
4209032	3906
4209729	1021
4209734	836
4212309	2218
4212319	2328
4212357	2432
4212492	2631
4212509	2740
4212562	3044
4212693	2800
4212743	3083
4212797	5092
4212818	5287
4212886	3307
4212966	7780
4212990	9606
4213079	9206
4213180	8813
4213218	7836
4213477	7927
4213503	8024
4213568	7649
4213812	8396
4213928	7691
4214250	5901
4214255	5723
4214278	5810
4214326	5723
4215149	5814
4215242	5691
4215347	1273
4215724	1656
4215969	3053
4215984	3234
4216018	3320
4216196	3400
4216280	12193
4216294	12030
4216575	16389
4216587	16299
4216903	16447
4217154	16353
4217332	18031
4217450	16361
4217482	18029
4217563	17943
4217598	16326
4217868	16244
4218036	16335
4218151	12123
4218487	12233
4219968	12153
4220097	12563
4220467	12472
4220639	12719
4220718	12433
4221157	16736
4221264	16643
4221338	16298
4221577	12074
4221592	12154
4221611	12281
4221637	12198
4221962	12549
4221992	12291
4224547	12150
4225183	12247
4226613	12427
4226636	12318
4227693	12403
4227790	12318
4228229	12606
4228317	16956
4228332	16830
4228472	16587
4228560	18317
4228568	18138
4228619	16471
4228660	16294
4228684	17515
4228714	17431
4228766	16263
4228844	6323
4228899	5697
4228918	1207
4228980	2385
4228993	1188
4229115	1466
4229141	1336
4229285	967
4229315	1260
4229347	1425
4229546	1114
4229594	966
4229622	835
4229652	2330
4229863	6893
4230291	2388
4230635	911
4230692	2430
4230772	3816
4230794	4003
4230831	4617
4230856	4713
4230920	2617
4230928	2392
4230963	913
4231040	2428
4231342	930
4231425	2441
4231704	930
4231790	2445
4232005	912
4232073	2430
4232317	932
4232403	2417
4232675	910
4232761	2386
4232968	893
4233048	2389
4233320	873
4233403	2385
4233693	877
4233786	2394
4233801	2280
4233928	796
4234767	2301
4235498	875
4235565	2374
4235840	891
4235922	2368
4236187	874
4236280	2350
4236508	875
4237347	2411
4237604	2329
4238078	875
4238145	2368
4238418	873
4238502	2370
4238509	2258
4238668	801
4239688	2277
4240462	875
4240524	2372
4240790	873
4240872	2368
4241094	873
4242208	2391
4242972	856
4243032	2351
4243237	892
4243312	2370
4243535	874
4243613	2314
4243650	6867
4243658	6774
4243769	5240
4243965	782
4244967	2273
4245702	2368
4245794	874
4245860	2368
4246092	854
4246171	2362
4246408	872
4247548	2406
4247821	2325
4248296	889
4248356	2379
4248556	890
4248627	2380
4248865	887
4248915	796
4248944	2269
4249048	797
4250248	2282
4251068	867
4251134	2352
4251385	869
4251465	2355
4251645	851
4251718	2338
4251757	3668
4251777	3881
4251809	3016
4251866	3111
4252010	3192
4252270	3281
4252439	3693
4252948	5217
4253768	3782
4253835	5258
4254079	3745
4254159	5291
4254297	5138
4254401	3732
4255231	1687
4255248	835
4255647	2291
4256384	892
4256442	2383
4256703	890
4256780	2362
4256892	3658
4256910	3859
4256952	3949
4257023	2511
4257104	4039
4257269	2590
4257298	3086
4257319	3195
4257498	3279
4257747	3373
4257938	3780
4258123	4024
4258455	8456
4258529	9966
4258578	9884
4258846	7290
4258851	7075
4259378	7222
4259418	5714
4259711	7610
4259768	5696
4259795	6277
4259880	5591
4260185	5677
4260296	5586
4260429	6183
4260609	5591
4261001	5691
4261063	7580
4261202	5728
4261244	6998
4261261	7216
4261303	7009
4261476	7138
4261526	7575
4261630	7734
4262051	5938
4262114	5747
4262286	5875
4262340	5480
4262394	5325
4262410	5627
4262444	5257
4262476	5375
4262506	5261
4262571	5375
4262593	5269
4263797	6643
4263812	6795
4263844	6886
4264052	6978
4264223	5338
4264562	5237
4265397	5155
4265616	723
4266660	836
4269293	2196
4269315	2380
4269400	2492
4269588	952
4269590	839
4270233	730
4271760	5376
4271771	5264
4272128	5352
4272249	825
4273137	2092
4273149	2312
4273188	2439
4273411	2536
4273674	949
4273679	800
4277278	915
4278966	1008
4281347	926
4283313	1020
4285454	5512
4285472	5425
4285860	1040
4286894	928
4288893	1018
4290334	2480
4290348	2663
4290400	2754
4290639	2844
4291202	2938
4294499	3036
4295435	4222
4295475	4321
4297000	1150
4297036	1057
4298562	1330
4298634	3363
4298678	1325
4298938	1615
4298998	1523
4299057	2878
4299080	3166
4299111	3276
4299265	3366
4299286	5345
4299347	9728
4299360	7843
4299725	7928
4300055	8017
4300218	8128
4300315	8274
4300415	8014
4300430	8310
4300485	8039
4300769	6277
4300774	6076
4301650	1642
4302091	1920
4302901	1625
4303011	1720
4303021	1920
4303128	1627
4303167	3638
4303217	1630
4305147	4318
4305168	4414
4305263	8937
4305276	8840
4305316	9029
4305351	9113
4305506	9226
4306025	9307
4306697	4914
4307295	5286
4307377	4981
4308835	9497
4308840	9407
4308959	9296
4309078	9691
4309243	5277
4310134	5361
4310316	5000
4310526	6966
4310583	5027
4310611	5152
4310828	4980
4310876	6872
4310933	4977
4311054	5143
4311598	5018
4311822	5158
4312150	9684
4312165	9555
4312277	10942
4312301	10860
4312355	9652
4312393	9542
4312458	10768
4312473	9524
4312559	10722
4312573	9498
4312603	10732
4312615	9550
4312627	9678
4312656	5271
4312685	5133
4312718	5420
4313011	5164
4313061	5030
4313317	2786
4313333	2007
4313452	1771
4313495	2065
4313648	6686
4313669	6594
4313698	6484
4313744	6181
4313945	6291
4313988	6131
4314007	5826
4314070	7725
4314179	3119
4314262	2823
4314333	2657
4314409	2546
4314558	2636
4314594	2504
4314798	2644
4315034	1134
4315104	2629
4315171	1137
4315489	2581
4315504	2746
4315537	2841
4315757	2744
4315948	2969
4316384	3050
4316658	2902
4316855	3148
4317327	1175
4317493	971
4317510	2379
4317512	2510
4317554	2428
4317701	2588
4318128	2491
4318391	1009
4319181	1100
4406854	2607
4408029	2526
4408116	1077
4409197	2571
4409541	2477
4410694	984
4410796	1077
4411895	2591
4412241	2507
4413337	1076
4413362	5522
4413690	1057
4414479	964
4414656	2476
4416157	1060
4417595	2571
4418916	1078
4419627	983
4420357	2497
4420543	2414
4421182	2513
4421736	1072
4421922	2329
4421942	2587
4421984	2695
4422022	3229
4422053	3321
4422130	3416
4422341	3506
4422586	3601
4422728	3047
4422769	2933
4423115	4405
4423878	2657
4423883	2526
4424316	1055
4424427	2435
4424442	2747
4424644	2860
4425815	4390
4426466	4310
4426895	2887
4426965	2979
4427626	2887
4428036	5105
4428081	5211
4428676	5562
4428730	5452
4429235	3972
4429248	4068
4429994	3966
4430318	5443
4430413	5536
4430803	5448
4430988	5724
4431285	8640
4431438	8556
4431598	8646
4431751	8744
4432292	8824
4432320	9238
4432403	8806
4432813	10781
4432871	8901
4433068	6491
4433083	5921
4433393	5798
4433490	7684
4433549	5788
4433561	7642
4433693	5816
4434219	5967
4434810	5880
4434867	5982
4434961	6147
4435024	6055
4435123	5963
4435551	5683
4435625	5581
4435640	5489
4436158	5396
4437067	913
4437386	1006
4438663	1100
4439106	1007
4440587	1101
4440968	989
4443122	1082
4443398	5632
4443405	5548
4443904	1062
4446215	936
4448068	1032
4451655	936
4453662	1032
4455520	2477
4455541	2606
4455568	2698
4455961	2788
4456648	2882
4457462	2800
4457586	1106
4457592	922
4457992	5480
4457999	5351
4458386	926
4459251	1038
4462842	924
4463134	2092
4463151	2458
4463176	2569
4463402	2671
4463700	2753
4464158	2844
4464979	2938
4467343	4004
4467351	4114
4468208	4200
4468525	4104
4470453	4232
4471389	1343
4471394	1101
4471620	1387
4471681	3844
4471694	4391
4471726	4487
4471759	4808
4471778	4517
4471795	4697
4471825	4782
4471939	6752
4471979	4786
4472024	4671
4472048	4763
4472092	4851
4472324	4954
4472336	9215
4472353	9003
4472408	9105
4472472	8978
4472488	9131
4472537	9021
4472556	9160
4472645	10998
4472660	11105
4472677	11284
4472722	9430
4472725	9267
4472760	9134
4472821	4762
4473093	4660
4473137	4806
4473231	4902
4473282	4649
4473374	4755
4473715	4898
4473762	4590
4473835	4770
4474078	4560
4474126	4711
4474318	4602
4474334	5047
4474376	4554
4474442	4793
4474469	4590
4474560	4671
4474767	4863
4475009	4973
4475044	5070
4475192	4635
4475669	4723
4476594	5051
4476719	9892
4476809	9762
4477024	9854
4477074	9744
4477099	9835
4477134	5403
4477219	10345
4477230	9890
4477259	9754
4477276	9872
4477296	10137
4477355	5811
4477392	5600
4477443	9809
4477563	14178
4477579	9882
4477632	9682
4477672	14616
4477679	14207
4477738	14057
4477822	9725
4477914	14539
4477921	14237
4477946	9859
4478046	5577
4478090	5393
4478111	5305
4478137	10241
4478147	9847
4478173	9665
4478262	5250
4478356	10161
4478368	9688
4478447	9886
4478480	5375
4478576	10435
4478587	9842
4478657	9970
4478699	5545
4478776	5320
4478811	6650
4478821	6559
4478885	6643
4478914	2234
4478962	2328
4478998	2088
4479015	6960
4479027	6526
4479057	6617
4479125	2185
4479225	7271
4479230	6867
4479259	6787
4479297	6885
4479321	2441
4479336	2536
4479471	2275
4479491	2182
4479605	2494
4479846	2162
4479920	1719
4480016	1604
4480285	1715
4480457	7192
4480467	6722
4480582	7070
4480671	6775
4480730	2334
4480819	6933
4480837	6491
4480858	6387
4480913	1950
4481016	6945
4481031	6399
4481051	6161
4481115	1721
4481145	1801
4481214	6824
4481224	6229
4481268	6147
4481314	1760
4481418	6560
4481430	6197
4481514	1747
4481618	6655
4481630	6218
4481712	1747
4481818	6602
4481832	6213
4481894	6113
4481910	1740
4482602	1299
4484471	1211
4485897	1309
4489491	1224
4491114	1308
