3480000	0
3480732	688
3480741	0
3480965	1147
3481206	0
3481487	458
3481497	0
3481742	688
3481759	0
3482209	917
3482220	0
3482637	458
3482660	3211
3482674	2523
3483044	229
3483045	0
3483339	917
3483400	688
3483409	0
3521684	2064
3521725	2982
3521737	0
3522022	917
3522035	0
3522217	229
3522222	0
3522381	1147
3522413	0
3522800	2523
3522853	2753
3522995	2523
3523007	0
3530679	1835
3530696	0
3533053	688
3533319	0
3533389	229
3533407	0
3533422	1147
3533449	0
3533488	917
3533550	0
3535107	1376
3535132	917
3535158	0
3535632	1376
3535654	0
3535687	1147
3535735	229
3535747	0
3536457	1376
3536518	0
3536636	1147
3536660	0
3566474	1376
3566488	0
3566579	1147
3566589	1605
3566620	0
3566640	1835
3566657	3670
3566670	1835
3566688	2064
3566700	3441
3566715	1835
3566732	2064
3566748	2294
3566759	2064
3566775	3670
3566793	2753
3566806	2523
3566847	2294
3566866	2523
3567011	2753
3567324	2982
3567480	229
3567481	0
3567940	1376
3567984	0
3567995	1605
3568020	0
3569097	688
3569132	1147
3569248	0
3569262	3441
3569277	2753
3569404	229
3569405	0
