/System/Library/Frameworks/Python.framework/Versions/2.7/bin/python2.7 /Users/yaowei/works/wife/bin/ppf.py
-------------------------
3542411 [[28], []] -36
3544289 [[], [6]] -1415
3544902 [[], [29]] -72
3546404 [[29], []] 89
3547769 [[6], []] 1469
3548249 [[], [6]] -1470
3549269 [[6], []] 1498
3549749 [[], [6]] -1467
3550003 [[], [29]] -99
3550769 [[6], []] 1458
3551069 [[], [6]] -1476
3551476 [[29], []] 126
3551789 [[6], []] 1468
3552269 [[], [6]] -1421
3552676 [[], [29]] -72
3552809 [[29], []] 382
3553169 [[6], []] 1325
3553470 [[0], []] 4140
3553649 [[], [6]] -1452
3553796 [[], [0]] -4119
3554114 [[], [29]] -365
3554363 [[29], []] 133
3554549 [[6], []] 1460
3555149 [[], [6]] -1426
3556229 [[6], []] 1467
3556829 [[], [6]] -1445
3557048 [[], [29]] -292
3557789 [[6], []] 1453
3558124 [[29], []] 89
3558389 [[], [6]] -1562
3559349 [[6], []] 1472
3559949 [[], [6]] -1454
3560909 [[6], []] 1500
3561569 [[], [6]] -1448
3561708 [[], [29]] -180
3562349 [[6], []] 1440
3562800 [[29], []] 108
3563729 [[6], []] 1449
3564449 [[], [6]] -1544
3565349 [[6], []] 1513
3565829 [[], [6]] -1568
3566367 [[26], []] 282
3566466 [[13], []] 27
3566536 [[], [13]] 36
3566619 [[], [25]] 0
3566718 [[0], []] 4274
3567089 [[6], []] 1441
3567480 [[], [12]] 0
3567601 [[9], []] 135
3567640 [[29], []] 134
3567749 [[], [6]] -1427
3567907 [[13], []] 499
3567981 [[], [25]] 49
3568084 [[], [0]] -566
3568179 [[], [10]] -1572
3568516 [[8], []] -35
3568619 [[], [22]] -329
3568782 [[7], []] -149
3568828 [[], [7]] 61
3569041 [[13], []] -31
3569095 [[25], []] 48
3569162 [[], [13]] 39
3569247 [[], [25]] -48
3569404 [[], [12]] 35
3569518 [[10], []] 1667
3569638 [[], [10]] 50
3569718 [[], [26]] -224
3569857 [[], [0]] 180
3570040 [[26], []] 274
3570187 [[25], []] 0
3570356 [[], [26]] -308
3570726 [[8], []] -48
3570894 [[16], []] 88
3570944 [[13], []] 36
3571222 [[], [29]] -104
3572185 [[29], []] 90
3573019 [[], [0]] -4209
3575782 [[], [29]] -272
3577202 [[28], []] 5118
3578645 [[], [28]] -892
3580027 [[0], []] 4209
3580514 [[], [0]] -4133
3580795 [[], [29]] -72
3582526 [[29], []] 90
3585030 [[28], []] 63
3585622 [[], [28]] -939
3586106 [[], [29]] -110
3587926 [[28], []] 10287
3587961 [[29], []] 5342
3589318 [[], [28]] -10260
3591539 [[], [29]] -72
3591772 [[28], []] 10286
3593253 [[], [28]] -962
3593490 [[29], []] 126
3594503 [[0], []] 4278
3594921 [[], [0]] -4206
3595960 [[28], []] 10329
3597090 [[], [29]] -63
3597670 [[], [28]] -950
3598994 [[29], []] 91
3599118 [[28], []] 10551
3602583 [[], [29]] -72
3604540 [[29], []] 72
3606721 [[9], []] 107
3606828 [[26], []] 255
3606968 [[27], []] 140
3607012 [[8], []] -27
3607087 [[10], []] 1765
3607125 [[], [10]] -1820
3607564 [[8], []] -46
3607930 [[8], []] -36
3608133 [[], [29]] -117
3608228 [[3], []] 117
3608282 [[7], []] -40
3608328 [[], [7]] 47
3608375 [[], [7]] 0
3608463 [[7], []] -188
3608508 [[], [7]] -170
3608677 [[7], []] -29
3608834 [[0], []] 4151
3608887 [[8], []] -50
3608973 [[], [8]] 47
3609219 [[], [8]] 34
3609286 [[], [26]] -314
3609346 [[16], []] -82
3609673 [[10], []] 1655
3609732 [[], [10]] -1669
3609799 [[29], []] 396
3609923 [[8], []] 49
3610104 [[], [8]] 74
3610508 [[22], []] 158
3610648 [[6], []] 1428
3610772 [[8], []] 46
3610836 [[], [8]] -152
3611071 [[8], []] 32
3611135 [[], [8]] 46
3611227 [[], [10]] -1634
3611443 [[8], []] 36
3611489 [[8], []] -35
3611530 [[], [8]] -33
3611815 [[9], []] 104
3611927 [[8], []] 47
3612091 [[8], []] -36
3612170 [[8], []] 0
3612324 [[8], []] 0
3612452 [[8], []] 0
3612556 [[8], []] -22
3612781 [[8], []] 39
3612929 [[], [6]] -1450
3612986 [[8], []] 0
3613095 [[26], []] 304
3613312 [[8], []] 72
3613387 [[], [29]] -53
3613779 [[8], []] -23
3613898 [[8], []] 0
3613948 [[6], []] 1394
3614003 [[26], []] 298
3614251 [[29], []] 96
3614330 [[8], []] -36
3614502 [[8], []] 0
3614565 [[8], []] -21
3614715 [[8], []] 0
3614762 [[8], []] -35
3614814 [[8], []] -46
3614966 [[8], []] -45
3615189 [[26], []] 279
3615600 [[], [9]] -98
3616108 [[6], []] 1444
3616246 [[], [4]] -88
3616649 [[], [6]] -1428
3616771 [[], [28]] -789
3617428 [[6], []] 1430
3617558 [[], [29]] -72
3617692 [[29], []] 370
3617747 [[8], []] 0
3617789 [[], [8]] 0
3617846 [[8], []] 0
3617911 [[0], []] 4340
3617951 [[], [8]] -28
3618223 [[14], []] 179
3618266 [[], [8]] 0
3618688 [[6], []] 2576
3618743 [[28], []] 9911
3618830 [[], [9]] -153
3619024 [[], [25]] 42
3619063 [[], [26]] -277
3619137 [[9], []] 128
3619213 [[29], []] -36
3619959 [[0], []] 4167
3620035 [[26], []] 290
3620068 [[6], []] -31
3620163 [[], [25]] 32
3620247 [[], [26]] -256
3620574 [[14], []] 150
3621079 [[26], []] 299
3621415 [[], [28]] -869
3621508 [[6], []] 1458
3621598 [[], [26]] -283
3621788 [[], [27]] -157
3621883 [[9], []] 94
3622008 [[7], []] 56
3622108 [[], [7]] -36
3622385 [[], [29]] -199
3622647 [[28], []] 10447
3623320 [[6], []] 1475
3623524 [[29], []] 90
3626156 [[], [28]] -806
3627101 [[], [29]] -91
3628246 [[29], []] 93
3628600 [[0], []] 4377
3715809 [[], [29]] -166
3717029 [[29], []] 94
3717880 [[8], []] 0
3717926 [[9], []] 114
3717983 [[], [9]] -114
3718138 [[13], []] -38
3718179 [[], [13]] -37
3718261 [[], [25]] 4723
3718318 [[], [16]] 0
3718375 [[], [3]] -69
3718708 [[], [0]] -4556
3720612 [[], [29]] -95
3721864 [[29], []] 77
3721939 [[28], []] -55
3722918 [[], [28]] -59
3723906 [[28], []] 10901
3725463 [[], [29]] 47
3726259 [[], [28]] -837
3727224 [[29], []] 72
3727631 [[28], []] 10837
3730806 [[], [29]] -91
3732748 [[29], []] 70
3732877 [[], [28]] -822
3733211 [[28], []] 10863
3735366 [[0], []] 4274
3735726 [[], [0]] -4387
3736328 [[], [29]] -84
3738217 [[29], []] 59
3740848 [[], [6]] -1535
3741267 [[6], []] 1511
3741789 [[], [29]] -66
3743594 [[29], []] 92
3744361 [[7], []] -64
3744406 [[], [7]] -83
3744628 [[], [6]] -1526
3744927 [[6], []] 1567
3745849 [[], [28]] -762
3747192 [[], [29]] -76
3747808 [[], [6]] -1455
3748120 [[28], []] 10832
3748287 [[6], []] 1570
3749003 [[29], []] 73
3750211 [[7], []] -66
3750256 [[], [7]] -39
3750309 [[16], []] -9983
3750388 [[], [25]] 0
3750508 [[25], []] 59
3750631 [[10], []] 0
3750746 [[], [25]] -66
3750839 [[8], []] -51
3750894 [[10], []] 1732
3750982 [[], [10]] -1632
3751135 [[], [0]] -4353
3751287 [[6], []] 1533
3751672 [[8], []] -41
3751716 [[], [8]] 48
3752556 [[8], []] 0
3752594 [[], [29]] -73
3752699 [[8], []] 36
3752757 [[], [8]] -37
3752824 [[8], []] -58
3752960 [[0], []] 4401
3753088 [[], [6]] -1498
3753353 [[], [8]] 68
3753415 [[9], []] 136
3753567 [[6], []] 1506
3753659 [[], [9]] -123
3754164 [[29], []] -46
3755548 [[], [6]] -1525
3756027 [[6], []] 1541
3756190 [[8], []] 37
3756507 [[8], []] -29
3756583 [[], [9]] -150
3757391 [[8], []] 37
3757478 [[8], []] 26
3757557 [[0], []] 3342
3757756 [[], [29]] -59
3757881 [[8], []] 33
3757948 [[], [6]] -1509
3758072 [[], [0]] -4359
3758399 [[8], []] 0
3758584 [[8], []] -22
3758695 [[8], []] -36
3758801 [[8], []] 0
3758877 [[8], []] -29
3759019 [[8], []] 29
3759160 [[29], []] 92
3759305 [[8], []] 37
3759401 [[], [13]] -62
3759788 [[8], []] 39
3759903 [[8], []] -26
3760288 [[], [6]] -1501
3760592 [[8], []] -28
3760770 [[8], []] 0
3760827 [[6], []] 5853
3760860 [[0], []] 4320
3760901 [[8], []] 33
3761236 [[], [0]] -4259
3761977 [[], [28]] -814
3762568 [[], [6]] -1471
3762718 [[8], []] 38
3762884 [[8], []] -37
3763047 [[6], []] 1511
3763081 [[], [8]] 0
3763139 [[8], []] -43
3763223 [[8], []] 24
3763346 [[], [8]] -30
3763590 [[32], []] 7474
3763844 [[], [0]] -4453
3764047 [[29], []] 93
3764368 [[], [6]] -1470
3764637 [[13], []] -40
3764723 [[], [13]] -45
3764847 [[6], []] 1621
3766108 [[], [6]] -1564
3766527 [[6], []] 1536
3767628 [[], [29]] -101
3768208 [[], [6]] -1543
3768627 [[6], []] 1500
3769204 [[29], []] 98
3770008 [[], [6]] -1487
3770427 [[6], []] 1516
3770631 [[13], []] 50
3770695 [[8], []] -47
3770757 [[0], []] 4270
3771104 [[], [0]] -4271
3771193 [[13], []] -40
3771273 [[], [13]] 80
3772348 [[], [6]] -1503
3772707 [[6], []] 1575
3772791 [[], [29]] -91
3774028 [[], [6]] -1513
3774310 [[29], []] 89
3774387 [[6], []] 1572
3775528 [[], [6]] -12167
3776007 [[6], []] 1514
3776587 [[8], []] -45
3777268 [[], [6]] -1523
3777687 [[6], []] 1541
3777892 [[], [29]] 86
3778486 [[32], []] 1822
3778542 [[26], []] 424
3778594 [[12], []] -290
3778648 [[], [6]] -1461
3778683 [[0], []] 4538
3779067 [[6], []] -8870
3779118 [[22], []] 123
3779388 [[29], []] 75
3779557 [[], [12]] 35
3779665 [[9], []] 171
3780027 [[], [6]] -1494
3780264 [[], [26]] -33
3780579 [[], [26]] 0
3780665 [[30], []] 55
3780807 [[], [6]] -1535
3781167 [[6], []] 1567
3782187 [[], [6]] -11165
3782374 [[], [4]] -94
3782667 [[6], []] 1526
3782816 [[], [0]] 82
3782893 [[], [32]] 7791
3782944 [[], [0]] -36
3783419 [[8], []] 69
3783499 [[11], []] 237
3783704 [[8], []] 54
3783927 [[], [6]] -1459
3784051 [[8], []] 0
3784103 [[29], []] 71
3784355 [[8], []] -49
3784398 [[10], []] 1718
3784467 [[6], []] 1415
3784830 [[], [28]] -688
3785019 [[], [10]] -1779
3785104 [[8], []] 36
3785138 [[], [8]] -21
3785242 [[8], []] 21
3785285 [[8], []] -21
3785365 [[8], []] -32
3785411 [[], [8]] -21
3785487 [[], [6]] -1484
3785550 [[], [29]] -52
3785661 [[8], []] 0
3785889 [[8], []] 0
3785963 [[8], []] 0
3786130 [[0], []] 4606
3786313 [[], [9]] -91
3786365 [[13], []] 57
3786413 [[12], []] 37
3786531 [[8], []] -39
3786614 [[], [8]] -24
3786886 [[], [29]] -354
3787130 [[29], []] 220
3787214 [[], [12]] -49
3787283 [[32], []] 5244
3787554 [[], [26]] -315
3787752 [[3], []] 121
3787908 [[], [3]] -33
3788608 [[], [9]] -153
3789056 [[26], []] 348
3789629 [[25], []] 0
3789802 [[], [26]] -269
3789927 [[], [9]] -117
3789972 [[], [29]] -164
3790736 [[], [32]] -2471
3791104 [[29], []] 80
3791648 [[], [0]] -4556
3791901 [[10], []] 2027
3791942 [[], [4]] -89
3792688 [[32], []] 6542
3793191 [[8], []] -38
3793245 [[8], []] 0
3793376 [[8], []] 0
3793571 [[0], []] 4498
3793755 [[], [8]] 36
3793858 [[9], []] 29
3793931 [[4], []] 110
3794003 [[14], []] 194
3794698 [[], [29]] 87
3795764 [[29], []] 129
3797158 [[], [32]] 7903
3797652 [[], [28]] -847
3799351 [[], [29]] -114
3800683 [[4], []] -38
3800776 [[22], []] 114
3800885 [[], [1]] 0
3800948 [[26], []] 313
3801098 [[], [26]] -327
3801135 [[], [4]] -92
3801195 [[], [14]] -212
3801272 [[6], []] 1532
3801604 [[], [0]] -4498
3802448 [[], [6]] -1482
3802513 [[6], []] 1473
3802760 [[], [6]] -1455
3802830 [[6], []] 1497
3803066 [[], [6]] -1477
3803139 [[6], []] 1496
3803376 [[], [6]] -1470
3803448 [[6], []] 1494
3803692 [[], [6]] -1476
3803762 [[6], []] 1496
3804048 [[], [6]] -1476
3804123 [[6], []] 1494
3804274 [[], [29]] -88
3804380 [[], [6]] -1475
3804456 [[6], []] 1497
3804774 [[], [6]] -1475
3804856 [[6], []] 1496
3805119 [[], [6]] -1481
3805196 [[6], []] 1479
3805472 [[], [6]] -1480
3805552 [[6], []] 1500
3805661 [[29], []] 96
3805790 [[], [6]] -1482
3805865 [[6], []] 1501
3806185 [[], [6]] -1481
3806268 [[6], []] 1518
3806501 [[], [6]] -1503
3806576 [[6], []] 1504
3806823 [[], [6]] -1498
3806897 [[6], []] 1497
3807192 [[], [6]] -1474
3807267 [[6], []] 1496
3807546 [[], [6]] -1475
3807621 [[6], []] 1477
3807884 [[], [6]] -1475
3807963 [[6], []] 1494
3808235 [[], [6]] -1472
3808273 [[32], []] 6107
3808566 [[], [6]] -1485
3808639 [[6], []] 1516
3808958 [[], [6]] -1496
3809035 [[6], []] 1512
3809254 [[], [29]] -52
3809313 [[], [6]] -1494
3809390 [[6], []] 1514
3809676 [[], [6]] -1482
3809755 [[6], []] 1511
3810074 [[], [32]] 0
3810162 [[6], []] 1492
3810433 [[], [6]] -1511
3810510 [[6], []] 1511
3810789 [[], [6]] -1474
3810866 [[6], []] 1490
3811187 [[], [6]] -1490
3811248 [[0], []] 4550
3811589 [[], [0]] -2229
3811676 [[6], []] 1476
3811860 [[], [6]] -1474
3811931 [[6], []] 1492
3812126 [[], [6]] -1474
3812198 [[6], []] 1494
3812502 [[], [6]] -1510
3812579 [[6], []] 1550
3812794 [[], [6]] -1469
3812864 [[6], []] 1527
3813080 [[], [6]] -1474
3813150 [[6], []] 1512
3813394 [[], [6]] -1476
3813466 [[6], []] 1487
3813744 [[], [6]] -1509
3813819 [[6], []] 1486
3814061 [[], [6]] -1487
3814134 [[6], []] 1505
3814469 [[], [6]] -1401
3814547 [[6], []] 1515
3814784 [[], [6]] -1492
3814857 [[6], []] 1487
3815164 [[], [6]] -1471
3815241 [[6], []] 1468
3815507 [[], [6]] -1509
3815583 [[6], []] 1532
3815841 [[], [6]] -1472
3815918 [[6], []] 1484
3816167 [[], [6]] -1492
3816242 [[6], []] 1508
3816273 [[29], []] 55
3816496 [[], [6]] -1469
3816570 [[6], []] 1471
3816759 [[], [6]] -1468
3816829 [[6], []] 1471
3817091 [[], [6]] -1488
3817167 [[6], []] 1499
3817408 [[], [6]] -1475
3817483 [[6], []] 1491
3817725 [[], [6]] -1473
3817800 [[6], []] 1477
3818007 [[32], []] 5503
3818072 [[], [6]] -1458
3818150 [[6], []] 1509
3818439 [[], [6]] -1499
3818520 [[6], []] 1510
3818747 [[], [6]] -1475
3818819 [[6], []] 1494
3819086 [[], [6]] -1483
3819165 [[6], []] 1516
3819430 [[], [6]] -1530
3819506 [[6], []] 1495
3819831 [[], [6]] -1493
3819912 [[6], []] 1529
3820206 [[], [6]] -1518
3820288 [[6], []] 1485
3820520 [[], [6]] -1509
3820595 [[6], []] 1533
3820843 [[], [6]] -1513
3820918 [[6], []] 1536
3821136 [[], [6]] -1463
3821209 [[6], []] 1521
3821518 [[], [6]] -1535
3821600 [[6], []] 1558
3821784 [[29], []] 74
3821851 [[], [6]] -1495
3821929 [[6], []] 1491
3822241 [[], [6]] -1489
3822322 [[6], []] 1532
3822608 [[], [6]] -1499
3822689 [[6], []] 1513
3823011 [[], [6]] -1495
3823095 [[6], []] 1498
3823353 [[], [6]] -1474
3823431 [[6], []] 1516
3823693 [[], [6]] -1533
3823772 [[6], []] 1523
3824038 [[], [6]] -1530
3824116 [[6], []] 1511
3824369 [[], [6]] -1492
3824444 [[6], []] 1479
3824644 [[], [6]] -1474
3824717 [[6], []] 1512
3824968 [[], [6]] -1476
3825044 [[6], []] 1517
3825342 [[], [6]] -1474
3825423 [[6], []] 1533
3825526 [[], [32]] 8329
3825746 [[], [6]] -1499
3825825 [[6], []] 1529
3826109 [[], [6]] -1489
3826185 [[6], []] 1516
3826563 [[], [6]] -1524
3826646 [[6], []] 1534
3826936 [[], [6]] -1492
3827012 [[6], []] 1516
3827267 [[], [6]] 0
3827337 [[6], []] 1503
3827649 [[], [6]] -1498
3827724 [[6], []] 1436
3828032 [[], [6]] -1498
3828109 [[6], []] 1480
3828455 [[], [6]] -1515
3828536 [[6], []] 1534
3828791 [[], [6]] -1477
3828864 [[6], []] 1498
3829185 [[], [6]] -1488
3829262 [[6], []] 1498
3829536 [[], [6]] -1523
3829611 [[6], []] 1525
3829902 [[], [6]] -1493
3829977 [[6], []] 1558
3830265 [[0], []] 4360
3830350 [[6], []] 1478
3830622 [[], [0]] -4257
3830727 [[6], []] 1542
3830862 [[], [29]] -62
3831001 [[], [6]] -1489
3831079 [[6], []] 1500
3831444 [[], [6]] -1527
3831532 [[6], []] 1492
3831783 [[], [6]] -1526
3831865 [[6], []] 1490
3832133 [[], [6]] -1510
3832214 [[6], []] -8459
3832256 [[], [28]] -818
3832379 [[], [6]] -1456
3832451 [[6], []] 1471
3832587 [[29], []] 91
3832662 [[], [6]] -1455
3832738 [[6], []] 1515
3834070 [[13], []] 0
3834153 [[], [25]] 0
3834315 [[10], []] 2133
3834378 [[], [10]] -1997
3835063 [[7], []] 34
3835102 [[15], []] -34
3835147 [[], [7]] -71
3835191 [[0], []] 4581
3835424 [[25], []] 0
3835493 [[25], []] 24
3835538 [[25], []] 31
3835584 [[], [0]] -4512
3836081 [[], [9]] -109
3836173 [[], [29]] -70
3836219 [[10], []] 2026
3836309 [[], [10]] -1990
3837266 [[29], []] 78
3838091 [[8], []] 0
3838177 [[7], []] 72
3838223 [[], [7]] -24
3838651 [[15], []] 0
3838699 [[], [7]] -81
3840094 [[0], []] 4639
3840432 [[], [0]] -4312
3840855 [[], [29]] -74
3841628 [[29], []] 129
3841728 [[], [32]] -2469
3843967 [[8], []] 0
3844103 [[12], []] 0
3844233 [[0], []] 4602
3845191 [[], [12]] -32
3845274 [[13], []] -23
3845335 [[], [13]] -37
3846407 [[8], []] -23
3846474 [[], [8]] 27
3846507 [[10], []] 1985
3846706 [[29], []] 55
3846783 [[], [9]] 494
3846846 [[13], []] -634
3846970 [[25], []] 31
3847035 [[], [0]] -25
3847098 [[], [25]] 36
3847146 [[12], []] 79
3847430 [[], [10]] -1733
3847573 [[10], []] 1734
3847616 [[], [12]] 25
3847692 [[], [10]] -1728
3847750 [[], [10]] -1713
3848889 [[10], []] 1886
3848949 [[], [10]] -1797
3849132 [[8], []] -33
3849599 [[8], []] -96
3849634 [[], [8]] 78
3849673 [[], [8]] -41
3850019 [[13], []] -42
3850065 [[], [13]] -23
3850168 [[32], []] 1725
3850218 [[], [0]] 177
3850279 [[], [29]] -80
3850541 [[13], []] 68
3850619 [[], [13]] 0
3850700 [[9], []] 117
3851536 [[], [9]] -154
3851586 [[29], []] 77
3851922 [[], [32]] -2557
3853109 [[], [0]] -4484
3855170 [[], [29]] -112
3856684 [[29], []] 150
3859414 [[32], []] 1203
3859928 [[0], []] 4551
3860273 [[], [29]] -55
3860376 [[], [0]] -4451
3861003 [[], [32]] 0
3861991 [[29], []] 130
3864555 [[9], []] 94
3864655 [[], [29]] 53
3864714 [[13], []] 33
3864954 [[9], []] 111
3865032 [[], [9]] -111
3865106 [[8], []] 37
3865247 [[10], []] 2035
3865346 [[], [10]] -2005
3865863 [[23], []] 55
3866031 [[], [29]] -344
3866275 [[29], []] 124
3866553 [[11], []] -11198
3866733 [[16], []] 108
3866812 [[7], []] -26
3866858 [[], [7]] 33
3867098 [[], [7]] -66
3867199 [[8], []] 49
3867303 [[0], []] -5609
3867474 [[], [8]] -27
3867899 [[9], []] 108
3867999 [[13], []] 26
3868163 [[], [0]] -4397
3868267 [[], [6]] -1483
3868335 [[6], []] 1511
3868747 [[], [6]] -1512
3868829 [[6], []] 1548
3869056 [[], [29]] -189
3869219 [[], [6]] -1495
3869303 [[6], []] 1534
3869548 [[], [32]] 8155
3869670 [[], [6]] -1480
3869751 [[6], []] 1481
3870093 [[9], []] 121
3870144 [[13], []] 0
3870275 [[], [8]] 41
3870340 [[29], []] 122
3870480 [[], [6]] -1566
3870554 [[6], []] 1529
3870856 [[], [6]] -1495
3870928 [[6], []] 1447
3871217 [[22], []] 164
3871268 [[], [6]] -1492
3871336 [[0], []] 4385
3871759 [[], [0]] -4255
3871854 [[6], []] 1498
3871920 [[], [8]] 70
3871997 [[8], []] 47
3872223 [[], [6]] -1510
3872305 [[6], []] 1530
3872529 [[8], []] 30
3872612 [[], [6]] -1494
3872688 [[6], []] 1531
3872906 [[8], []] 0
3873012 [[], [6]] -1452
3873089 [[6], []] 1519
3873313 [[], [6]] -1514
3873382 [[6], []] 1476
3873796 [[], [6]] -1520
3873879 [[6], []] 1501
3873927 [[], [29]] -102
3873986 [[8], []] 29
3874054 [[0], []] 4334
3874210 [[8], []] -34
3874289 [[6], []] 1531
3874466 [[], [0]] -4320
3874530 [[], [6]] -1501
3874594 [[9], []] 110
3874938 [[], [6]] -1501
3874969 [[29], []] 73
3875016 [[6], []] 1520
3875324 [[], [6]] -1473
3875400 [[6], []] 1550
3875727 [[], [6]] -1556
3875804 [[6], []] 1549
3876024 [[8], []] -78
3876146 [[], [6]] -1501
3876228 [[6], []] 1538
3876282 [[0], []] 4326
3876336 [[26], []] 229
3876697 [[], [6]] -1540
3876785 [[6], []] 1510
3876829 [[], [0]] -4302
3877072 [[], [6]] -1501
3877153 [[6], []] 1502
3877406 [[], [6]] -1530
3877484 [[6], []] 1506
3877690 [[], [6]] -1501
3877760 [[6], []] 1544
3877855 [[8], []] 0
3877934 [[8], []] 48
3878059 [[], [23]] 385
3878147 [[], [26]] -189
3878257 [[6], []] 1579
3878404 [[], [6]] -1479
3878469 [[6], []] 1323
3878550 [[], [29]] -85
3878833 [[], [6]] -1483
3878916 [[6], []] 1546
3879154 [[], [6]] -1514
3879232 [[6], []] 1512
3879533 [[], [6]] -1542
3879610 [[6], []] 73
3879948 [[], [6]] -1576
3880031 [[6], []] 1581
3880107 [[], [6]] -1533
3880226 [[6], []] 1526
3880793 [[], [6]] -1599
3880946 [[6], []] 1568
3881247 [[], [6]] -1505
3881486 [[6], []] 1538
3882071 [[], [6]] -1550
3882866 [[6], []] 1495
3883201 [[], [29]] -73
3883476 [[4], []] 114
3883630 [[], [4]] -121
3883712 [[6], []] 1562
3883866 [[], [28]] -654
3883984 [[], [0]] -4680
3884081 [[6], []] 1514
3884255 [[], [6]] -1347
3884329 [[6], []] 1455
3884397 [[29], []] 165
3884596 [[], [6]] -1418
3884675 [[6], []] 1510
3884847 [[], [6]] -1526
3884941 [[4], []] 110
3885746 [[6], []] 1487
3886525 [[], [6]] -1460
3886586 [[6], []] 1475
3886790 [[], [6]] -1476
3886861 [[6], []] 1516
3887075 [[], [6]] -1494
3887149 [[6], []] 1290
3887247 [[], [6]] -1456
3887496 [[27], []] 166
3887591 [[], [27]] -146
3887726 [[], [25]] 0
3887792 [[], [26]] -313
3887859 [[3], []] 95
3887903 [[], [14]] -186
3887971 [[], [29]] 38
3888018 [[], [7]] -38
4060804 [[28], []] -9992
4060850 [[], [28]] -857
4060951 [[], [6]] -1496
4061027 [[6], []] 1513
4061303 [[], [6]] -1475
4061386 [[6], []] 1473
4061671 [[], [6]] -1493
4061755 [[6], []] 1532
4061845 [[], [6]] -1477
4062564 [[6], []] 1496
4063213 [[], [6]] -1513
4063277 [[6], []] 1530
4063518 [[], [6]] -1512
4063592 [[6], []] 1551
4063896 [[], [6]] -1471
4063977 [[6], []] 1511
4064232 [[], [6]] -1476
4064311 [[6], []] 1498
4064495 [[], [6]] -1477
4064570 [[6], []] 1515
4064832 [[], [6]] -1493
4064911 [[6], []] 1509
4065226 [[], [6]] -1472
4065304 [[29], []] 1561
4065542 [[], [6]] -1511
4065618 [[6], []] 1530
4065880 [[], [6]] -1496
4065959 [[6], []] 1493
4066165 [[], [6]] -1512
4066884 [[6], []] 1532
4067625 [[], [6]] -1471
4067688 [[6], []] 1474
4067962 [[], [6]] -1470
4068038 [[6], []] 1471
4068211 [[], [6]] -1511
4068283 [[6], []] 1509
4068576 [[], [6]] -1473
4068656 [[6], []] 1527
4068886 [[], [29]] -91
4068938 [[], [6]] -1505
4069021 [[6], []] 1493
4069279 [[], [6]] -1512
4069358 [[6], []] 1551
4069635 [[], [6]] -1472
4069718 [[6], []] 1494
4069988 [[], [6]] -1493
4070068 [[6], []] 1472
4070327 [[], [6]] -1490
4070407 [[6], []] 1526
4070545 [[], [6]] -1470
4070664 [[6], []] 1494
4070785 [[], [6]] -1473
4071564 [[6], []] 1489
4072307 [[], [6]] -1469
4072369 [[6], []] 1471
4072584 [[], [6]] -1474
4072652 [[6], []] 1509
4072935 [[], [6]] -1472
4073014 [[6], []] 1491
4073259 [[], [6]] -1489
4073338 [[6], []] 1506
4073618 [[], [6]] -1468
4073698 [[6], []] 1509
4073960 [[], [6]] -1471
4074216 [[], [6]] -1525
4074284 [[6], []] 1502
4074641 [[0], []] 4295
4074692 [[], [6]] -1482
4074775 [[6], []] 1529
4074965 [[], [0]] -4343
4075008 [[], [6]] -1490
4075080 [[6], []] 1516
4075260 [[], [28]] -762
4075369 [[], [6]] -1507
4075450 [[6], []] 1489
4075755 [[], [6]] -1506
4075838 [[6], []] 1483
4076199 [[], [6]] -1469
4077024 [[6], []] 1504
4077383 [[28], []] 10747
4077851 [[], [6]] -1456
4077920 [[6], []] 1514
4078230 [[], [6]] -1558
4078306 [[6], []] 1557
4078652 [[], [6]] -1524
4078734 [[6], []] -8438
4078774 [[], [28]] -759
4078809 [[28], []] 10731
4079003 [[], [6]] -1467
4079081 [[6], []] 1575
4079368 [[], [6]] -1511
4079445 [[6], []] 1536
4079764 [[], [6]] -1501
4079845 [[6], []] 1559
4080131 [[], [6]] -1563
4080208 [[6], []] 1555
4080443 [[], [6]] -1499
4080514 [[6], []] 1538
4080797 [[], [6]] -1524
4080871 [[6], []] 1489
4081221 [[], [6]] -1509
4081290 [[29], []] 108
4081641 [[], [6]] -1549
4081724 [[6], []] 1484
4082075 [[], [6]] -1476
4082156 [[6], []] 1523
4082522 [[], [6]] -1417
4082605 [[6], []] 1503
4082945 [[], [6]] -1292
4083028 [[6], []] 1543
4083681 [[], [6]] -1522
4083787 [[6], []] 1548
4084031 [[], [6]] -1502
4084111 [[6], []] 1548
4084412 [[], [6]] -1540
4084491 [[6], []] 1549
4084729 [[], [6]] -1541
4084806 [[6], []] 1557
4084884 [[], [29]] -109
4085098 [[], [6]] -1486
4085173 [[6], []] 1530
4085275 [[26], []] 314
4085366 [[13], []] 59
4085443 [[], [13]] -1509
4085536 [[], [25]] 1510
4085606 [[12], []] -37
4085666 [[0], []] 4424
4085837 [[], [6]] -1534
4085916 [[6], []] 1483
4086218 [[], [6]] -1531
4086297 [[6], []] 1514
4086329 [[], [12]] -51
4086452 [[9], []] 126
4086620 [[], [6]] -1443
4086699 [[6], []] 1581
4086764 [[], [6]] -1516
4086830 [[], [9]] -126
4086904 [[13], []] -28
4086959 [[], [13]] -590
4087034 [[25], []] 49
4087192 [[], [25]] -640
4087247 [[9], []] 90
4087324 [[10], []] 1766
4087379 [[], [10]] -11634
4087426 [[], [28]] -52
4087479 [[], [0]] 42
4087520 [[8], []] 0
4087719 [[8], []] 36
4087782 [[], [22]] -72
4087972 [[10], []] 1694
4088332 [[13], []] 36
4088454 [[], [13]] -50
4088621 [[], [12]] 0
4088872 [[16], []] 96
4088972 [[25], []] 105
4089025 [[], [9]] -232
4089335 [[], [26]] -297
4089412 [[9], []] 123
4089510 [[8], []] 38
4089564 [[], [9]] -110
4090194 [[], [29]] -105
4090292 [[], [28]] -589
4091568 [[29], []] 92
4091643 [[], [0]] -4526
4095146 [[], [29]] -75
4096873 [[29], []] 95
4097370 [[0], []] 4675
4097873 [[], [0]] -4570
4100459 [[], [29]] -94
4102376 [[29], []] 95
4105693 [[32], []] 1686
4105949 [[], [29]] -56
4107223 [[], [32]] -2412
4108004 [[29], []] 74
4110561 [[0], []] 4638
4110964 [[], [0]] -4500
4111250 [[32], []] 6196
4111593 [[], [29]] -69
4112877 [[], [32]] -2285
4113662 [[29], []] 93
4117234 [[], [29]] -94
4117469 [[32], []] 6385
4118369 [[], [32]] 8304
4119258 [[29], []] 92
4122846 [[], [29]] -83
4124865 [[29], []] 117
4126409 [[27], []] 172
4126552 [[11], []] 84
4126652 [[26], []] 261
4126694 [[], [9]] -166
4126754 [[10], []] 1871
4126828 [[], [10]] -1814
4127125 [[8], []] 29
4127219 [[13], []] -54
4127372 [[], [7]] 67
4127471 [[7], []] -51
4127621 [[], [7]] -34
4127817 [[], [12]] -39
4128039 [[], [26]] -321
4128096 [[], [9]] -144
4128459 [[], [29]] -10377
4128528 [[6], []] 1550
4128946 [[], [6]] -1514
4129025 [[6], []] 1563
4129809 [[], [6]] -1531
4129913 [[6], []] 1549
4129999 [[18], []] 91
4130145 [[], [6]] -1458
4130220 [[6], []] 1499
4130281 [[29], []] -24
4130325 [[28], []] 0
4130400 [[8], []] 45
4130510 [[], [6]] -1474
4130583 [[6], []] 1517
4130801 [[], [8]] 129
4130937 [[], [6]] -1557
4131014 [[6], []] 1531
4131254 [[], [6]] -1480
4131323 [[6], []] 1578
4131508 [[8], []] 33
4131639 [[], [0]] 0
4131715 [[], [6]] -1570
4131792 [[6], []] 1532
4131907 [[22], []] -37
4132021 [[8], []] -30
4132119 [[6], []] 1531
4132230 [[8], []] 78
4132454 [[], [6]] -1528
4132529 [[6], []] 1539
4132707 [[], [28]] -689
4132832 [[], [6]] -1472
4132910 [[6], []] 0
4132975 [[8], []] 0
4133109 [[], [29]] -74
4133152 [[8], []] 25
4133245 [[29], []] 388
4133449 [[8], []] -21
4133525 [[], [6]] -1513
4133603 [[6], []] 1524
4133671 [[8], []] -34
4133777 [[8], []] -40
4133859 [[], [6]] -1507
4133934 [[6], []] 1531
4134049 [[8], []] 0
4134166 [[0], []] 4675
4134257 [[6], []] 1543
4134453 [[], [29]] -25
4134535 [[8], []] -37
4134615 [[], [6]] -1522
4134651 [[28], []] 10659
4134783 [[10], []] 1793
4134842 [[], [10]] -1754
4135054 [[], [6]] -1542
4135134 [[6], []] 1580
4135484 [[], [6]] -1560
4135564 [[6], []] 1538
4135833 [[], [6]] -1531
4135970 [[10], []] 1755
4136067 [[9], []] 1316
4136222 [[], [28]] -1532
4136303 [[6], []] 1547
4136362 [[], [9]] -127
4136533 [[], [6]] -1642
4136612 [[6], []] 1537
4136890 [[], [6]] -1539
4136970 [[6], []] 1569
4137140 [[8], []] 25
4137231 [[], [6]] -1512
4137309 [[6], []] 1625
4137422 [[8], []] -80
4137514 [[13], []] -129
4137547 [[], [29]] -189
4137579 [[], [26]] 104
4137688 [[6], []] 1540
4137880 [[], [0]] -4590
4137956 [[8], []] 128
4138014 [[30], []] 22
4138075 [[28], []] 10946
4138243 [[], [6]] -1580
4138319 [[6], []] 1545
4138377 [[8], []] -49
4138566 [[], [6]] -1736
4138615 [[8], []] -65
4138712 [[29], []] -1148
4138828 [[8], []] 36
4138902 [[6], []] 1480
4139141 [[8], []] 55
4139211 [[8], []] -86
4139326 [[6], []] 1593
4139625 [[], [6]] -12329
4139669 [[], [28]] -483
4139705 [[6], []] 1563
4139953 [[], [6]] -1548
4140032 [[6], []] 1564
4140263 [[], [6]] -1537
4140339 [[6], []] 1556
4140587 [[], [6]] -1515
4140663 [[6], []] 1555
4140851 [[], [6]] -1500
4140924 [[6], []] 1551
4141157 [[], [6]] -1514
4141234 [[6], []] 1552
4141436 [[], [6]] -1530
4141511 [[6], []] 1526
4141770 [[], [6]] -1508
4141848 [[6], []] 1563
4142056 [[], [6]] -1504
4142128 [[28], []] 0
4142292 [[], [29]] -91
4142492 [[], [6]] -1510
4142577 [[6], []] 1546
4142665 [[], [22]] -175
4142851 [[], [6]] -1512
4142928 [[6], []] 1530
4142985 [[], [11]] -252
4143204 [[9], []] 158
4143237 [[6], []] 1554
4143372 [[], [9]] -145
4143508 [[], [6]] -1585
4143583 [[6], []] 1546
4143728 [[], [0]] -4382
4143824 [[], [6]] -1520
4143901 [[6], []] 1534
4144227 [[], [6]] -1549
4144312 [[6], []] 1552
4144553 [[], [28]] -857
4144588 [[], [6]] -1478
4144675 [[6], []] 1518
4144897 [[], [6]] -1480
4144976 [[6], []] 1516
4145207 [[], [6]] -1477
4145285 [[6], []] 1515
4145484 [[], [6]] -1497
4145604 [[6], []] 1532
4145724 [[], [6]] -1515
4146144 [[6], []] 1500
4146264 [[], [6]] -1500
4146624 [[6], []] 1481
4146885 [[], [29]] -95
4147338 [[], [6]] -1478
4147407 [[6], []] 1514
4147658 [[], [6]] -1481
4147739 [[6], []] 1520
4148091 [[], [6]] -1500
4148189 [[6], []] 1519
4148301 [[29], []] 75
4148403 [[], [6]] -1501
4148485 [[6], []] 1519
4148737 [[], [6]] -1500
4148821 [[6], []] 1517
4149051 [[], [6]] -1479
4149129 [[6], []] 1520
4149386 [[], [6]] -1502
4149468 [[6], []] 1501
4149564 [[], [6]] -1502
4150404 [[6], []] 1518
4151121 [[], [6]] -1518
4151182 [[6], []] 1499
4151458 [[], [6]] -1499
4151538 [[6], []] 1499
4151833 [[], [6]] -1496
4151896 [[], [29]] -74
4152157 [[], [6]] -1494
4152237 [[6], []] 1517
4152442 [[], [6]] -1498
4152520 [[6], []] 1521
4152739 [[], [6]] -1477
4152816 [[6], []] 1479
4153074 [[], [6]] -1496
4153156 [[6], []] 1498
4153315 [[], [6]] -1515
4153388 [[6], []] 1534
4153537 [[29], []] 116
4153658 [[], [6]] -1479
4153739 [[6], []] 1498
4153952 [[], [6]] -1517
4154030 [[6], []] 1498
4154082 [[28], []] 10854
4154339 [[], [6]] -1523
4154425 [[6], []] 1512
4154704 [[], [6]] -1509
4154785 [[6], []] 1579
4155035 [[], [6]] -1559
4155112 [[6], []] 1538
4155195 [[0], []] 4412
4155383 [[], [28]] -652
4155481 [[6], []] 1549
4155767 [[], [6]] -1491
4155851 [[6], []] 1494
4156013 [[], [6]] -1493
4156944 [[6], []] 1495
4157117 [[], [29]] -106
4157386 [[28], []] 10784
4157684 [[], [6]] -1521
4157744 [[6], []] 1549
4158040 [[], [6]] -1548
4158118 [[6], []] 1521
4158425 [[], [6]] -1539
4158508 [[6], []] 1519
4158717 [[], [28]] -818
4158879 [[], [6]] -1459
4158969 [[6], []] 1512
4159104 [[29], []] 93
4159197 [[], [6]] -1492
4159284 [[6], []] 1492
4160184 [[], [6]] -1490
4160304 [[6], []] 1526
4160424 [[], [6]] -1511
4160511 [[28], []] 10756
4161264 [[6], []] 1548
4162037 [[], [6]] -11378
4162107 [[6], []] 1513
4162310 [[], [6]] -1514
4162385 [[6], []] 1514
4162598 [[], [6]] -1473
4162674 [[6], []] 1490
4162898 [[], [6]] -1490
4162976 [[6], []] 1511
4163214 [[], [6]] -1517
4163295 [[6], []] 1515
4163517 [[28], []] 10896
4163620 [[6], []] 1506
4163921 [[], [6]] -1548
4164005 [[6], []] 1529
4164260 [[], [6]] -1463
4164338 [[6], []] 1603
4164595 [[], [6]] -1515
4164672 [[6], []] 1543
4164924 [[], [6]] -11460
4165001 [[6], []] 1482
4165212 [[], [6]] -1442
4165288 [[6], []] 1525
4165529 [[], [6]] -1427
4165608 [[6], []] 1547
4165812 [[], [6]] -1526
4165884 [[6], []] 1534
4166166 [[], [6]] -1549
4166244 [[6], []] 1514
4166497 [[], [6]] -1537
4166577 [[6], []] 1585
4166839 [[], [6]] -1540
4166918 [[6], []] 1579
4167178 [[], [6]] -1513
4167257 [[6], []] 1548
4167470 [[], [6]] -1537
4167546 [[6], []] 1556
4167811 [[], [6]] -1535
4167892 [[6], []] 1505
4168195 [[], [29]] -62
4168313 [[], [6]] -1522
4168407 [[6], []] 1581
4168647 [[], [6]] -1519
4168726 [[6], []] 1477
4169016 [[], [6]] -1535
4169098 [[6], []] 1510
4169324 [[], [6]] -1498
4169400 [[6], []] 1524
4169701 [[], [6]] -1551
4169780 [[6], []] 1512
4170024 [[], [6]] -1491
4170141 [[29], []] 82
4170744 [[6], []] 1483
4171467 [[], [6]] -1496
4171530 [[6], []] 1546
4171690 [[26], []] 288
4171784 [[25], []] 65
4171848 [[], [6]] -1544
4171903 [[], [25]] 36
4171997 [[13], []] 51
4172076 [[], [13]] -102
4172178 [[12], []] 33
4172284 [[6], []] 1501
4172528 [[], [6]] -1534
4172606 [[6], []] 1539
4172773 [[], [12]] 37
4172876 [[], [6]] -1527
4172957 [[6], []] 1534
4173108 [[], [6]] -1478
4173227 [[16], []] 126
4173307 [[], [25]] -36
4173361 [[13], []] -49
4173456 [[8], []] -54
4173524 [[], [10]] -1749
4173714 [[], [29]] 117
4173937 [[8], []] -121
4174055 [[10], []] 174
4174128 [[12], []] -71
4174177 [[], [10]] -1559
4174402 [[12], []] 94
4174503 [[], [26]] -261
4174963 [[26], []] 279
4175017 [[25], []] -36
4175300 [[9], []] 108
4175588 [[8], []] -63
4175671 [[], [26]] -280
4175833 [[13], []] -48
4175943 [[], [13]] -48
4176310 [[], [0]] -62
4177218 [[], [28]] -601
4177956 [[], [0]] -4462
4178637 [[], [29]] -74
4180153 [[29], []] 93
4183738 [[], [29]] -93
4185207 [[0], []] 4592
4185576 [[29], []] 78
4185694 [[], [0]] -4429
4189173 [[], [29]] -75
4191025 [[29], []] 95
4194603 [[], [29]] -93
4196614 [[29], []] 94
4200212 [[], [29]] -94
4201096 [[32], []] 2754
4201291 [[0], []] 4650
4201676 [[], [0]] -4477
4201933 [[], [32]] -1574
4202256 [[29], []] 92
4203918 [[32], []] 1174
4205828 [[], [29]] -126
4207917 [[29], []] 91
4209711 [[], [32]] -2695
4211500 [[], [29]] -92
4212297 [[32], []] 6570
4212489 [[27], []] 144
4212560 [[26], []] 344
4212622 [[12], []] 40
4212655 [[], [12]] 42
4212690 [[], [26]] -290
4212727 [[8], []] -21
4212795 [[10], []] 2052
4212886 [[], [10]] -1930
4212933 [[], [13]] 37
4213066 [[24], []] 1380
4213163 [[], [24]] -1402
4213217 [[], [24]] -983
4213299 [[], [12]] 0
4213472 [[29], []] 104
4213558 [[], [9]] -79
4213811 [[24], []] 742
4213895 [[], [24]] 0
4214080 [[8], []] -36
4214248 [[], [32]] -754
4215146 [[9], []] 105
4215232 [[], [9]] -147
4215343 [[], [0]] -4434
4215715 [[16], []] 0
4215959 [[32], []] 5765
4216236 [[13], []] 33
4216310 [[], [13]] -83
4216361 [[8], []] 36
4216574 [[0], []] 4321
4216876 [[], [8]] -32
4216936 [[8], []] -81
4217024 [[], [8]] 0
4217184 [[8], []] 0
4217232 [[8], []] -50
4217330 [[10], []] 1726
4217379 [[8], []] -54
4217450 [[], [10]] -1653
4217598 [[], [10]] -38
4217646 [[8], []] 54
4217911 [[8], []] 22
4218148 [[], [0]] -4219
4218427 [[8], []] 28
4218484 [[29], []] 101
4218840 [[8], []] 56
4219227 [[8], []] -28
4219362 [[8], []] 64
4219847 [[8], []] 47
4219915 [[8], []] -28
4219963 [[], [29]] -62
4219998 [[8], []] 0
4220058 [[8], []] 0
4220097 [[29], []] 372
4220265 [[8], []] -29
4220400 [[30], []] 55
4220625 [[4], []] -36
4220716 [[], [26]] -331
4221112 [[8], []] 28
4221156 [[0], []] 4305
4221335 [[], [29]] -345
4221574 [[], [0]] -2033
4221959 [[26], []] 322
4222026 [[8], []] -38
4224544 [[], [29]] -172
4225665 [[29], []] 91
4226609 [[9], []] 119
4226934 [[8], []] 29
4227025 [[8], []] 0
4228113 [[8], []] 29
4228226 [[26], []] 278
4228317 [[0], []] 4389
4228403 [[25], []] -50
4228439 [[], [8]] -32
4228558 [[10], []] 239
4228619 [[], [10]] -1685
4228881 [[], [28]] -632
4228917 [[], [0]] -5687
4229114 [[26], []] 294
4229213 [[], [13]] 0
4229264 [[], [29]] -75
4229313 [[26], []] 293
4229380 [[], [25]] 0
4229544 [[], [26]] -293
4229591 [[], [27]] -167
4229860 [[0], []] 4560
4230221 [[29], []] 69
4230287 [[], [0]] -4497
4230628 [[], [6]] -1480
4230688 [[6], []] 1518
4230762 [[32], []] 6067
4230918 [[], [32]] -2126
4230960 [[], [6]] -1480
4231035 [[6], []] 1496
4231339 [[], [6]] -1479
4231422 [[6], []] 1511
4231701 [[], [6]] -1476
4231785 [[6], []] 1515
4231992 [[], [6]] -1479
4232070 [[6], []] 1517
4232315 [[], [6]] -1481
4232399 [[6], []] 1484
4232670 [[], [6]] -1475
4232756 [[6], []] 1479
4232964 [[], [6]] -1477
4233044 [[6], []] 1515
4233314 [[], [6]] -1474
4233399 [[6], []] 1495
4233690 [[], [6]] -1499
4233781 [[6], []] 1517
4233924 [[], [6]] -1479
4234763 [[6], []] 1500
4234917 [[29], []] 94
4235494 [[], [6]] -1479
4235560 [[6], []] 1501
4235836 [[], [6]] -1474
4235917 [[6], []] 1494
4236184 [[], [6]] -1473
4236267 [[6], []] 1477
4236504 [[], [6]] -1477
4237343 [[6], []] 1499
4238074 [[], [6]] -1460
4238139 [[6], []] 1514
4238415 [[], [6]] -1476
4238497 [[6], []] 1496
4238664 [[], [6]] -1477
4239683 [[6], []] 1480
4240010 [[29], []] 96
4240457 [[], [6]] -1482
4240519 [[6], []] 1498
4240786 [[], [6]] -1453
4240866 [[6], []] 1495
4241091 [[], [6]] -1473
4242203 [[6], []] 1517
4242968 [[], [6]] -1495
4243029 [[6], []] 1477
4243233 [[], [6]] -1476
4243308 [[6], []] 1498
4243532 [[], [6]] -1478
4243608 [[], [29]] 0
4243650 [[0], []] 4570
4243764 [[], [6]] -1541
4243961 [[], [0]] -4467
4244963 [[6], []] 1494
4245294 [[29], []] 93
4245788 [[], [6]] -1474
4245854 [[6], []] 1494
4246087 [[], [6]] -1492
4246166 [[6], []] 1473
4246401 [[], [6]] -1474
4247543 [[6], []] 1514
4248291 [[], [6]] -1472
4248351 [[6], []] 1490
4248551 [[], [6]] -1454
4248622 [[6], []] 1490
4248858 [[], [6]] -1453
4248895 [[], [29]] -93
4248936 [[6], []] 1454
4249044 [[], [6]] -1452
4250243 [[6], []] 1487
4250705 [[29], []] 95
4251062 [[], [6]] -1448
4251130 [[6], []] 1485
4251381 [[], [6]] -1469
4251459 [[6], []] 1488
4251639 [[], [6]] -1453
4251712 [[6], []] 1488
4251750 [[32], []] 959
4251804 [[], [6]] -828
4252943 [[6], []] 1500
4253763 [[], [6]] -1449
4253829 [[6], []] 1500
4254074 [[], [6]] -1512
4254153 [[6], []] 1503
4254292 [[], [29]] -111
4254397 [[], [6]] -1486
4255229 [[], [32]] -2288
4255643 [[6], []] 1510
4256292 [[29], []] 75
4256379 [[], [6]] -1474
4256437 [[6], []] 1492
4256697 [[], [6]] -1476
4256773 [[6], []] 1490
4256883 [[32], []] 1000
4257019 [[], [6]] -1433
4257100 [[6], []] 1507
4257264 [[], [6]] -1440
4258075 [[9], []] 150
4258162 [[13], []] -24
4258242 [[], [13]] -24
4258341 [[], [25]] 36
4258381 [[12], []] 40
4258451 [[0], []] 4428
4258523 [[6], []] 1558
4258833 [[], [32]] -2256
4259230 [[], [12]] 0
4259350 [[9], []] 92
4259413 [[], [6]] -1513
4259506 [[25], []] -33
4259591 [[], [25]] 0
4259709 [[10], []] 1923
4259768 [[], [10]] -1949
4259805 [[8], []] 591
4259877 [[], [29]] -711
4260182 [[16], []] 69
4260399 [[], [13]] 454
4260541 [[25], []] 23
4260633 [[], [25]] -1231
4260679 [[12], []] -151
4260962 [[], [12]] 0
4261000 [[16], []] 92
4261061 [[10], []] 1901
4261202 [[], [10]] -1845
4261235 [[32], []] 5892
4261299 [[], [26]] -231
4261476 [[29], []] 97
4261520 [[26], []] 455
4261626 [[22], []] 188
4261981 [[25], []] 54
4262044 [[], [32]] -1548
4262111 [[], [22]] -143
4262338 [[], [26]] -439
4262383 [[], [9]] -183
4262438 [[], [26]] 0
4262475 [[9], []] 114
4262569 [[9], []] 114
4263788 [[32], []] 5761
4264219 [[], [32]] -712
4265068 [[], [29]] -73
4265613 [[], [0]] -4437
4266655 [[29], []] 112
4269581 [[], [32]] -665
4270228 [[], [29]] -56
4271761 [[0], []] 4645
4272079 [[29], []] 57
4272244 [[], [0]] -4532
4273130 [[32], []] 1072
4273669 [[], [32]] 0
4275660 [[], [29]] -95
4278966 [[29], []] 0
4281303 [[], [29]] -74
4283313 [[29], []] 92
4285452 [[0], []] 4492
4285858 [[], [0]] -4438
4286886 [[], [29]] -112
4288893 [[29], []] 91
4290324 [[32], []] 6055
4292466 [[], [29]] -74
4294497 [[29], []] 112
4296983 [[], [32]] -2810
4298079 [[], [29]] -93
4298286 [[9], []] 92
4298559 [[11], []] 237
4298614 [[8], []] 0
4298676 [[], [10]] -2020
4298935 [[26], []] 291
4298984 [[], [9]] -93
4299057 [[32], []] 1336
4299141 [[13], []] 49
4299185 [[], [13]] 21
4299286 [[10], []] 2002
4299444 [[12], []] -24
4299842 [[], [12]] -25
4299980 [[29], []] 102
4300217 [[9], []] 116
4300314 [[27], []] 175
4300411 [[], [26]] -296
4300482 [[], [26]] -296
4300767 [[], [32]] 0
4301646 [[], [0]] -4497
4302087 [[26], []] 293
4302709 [[13], []] 21
4302810 [[25], []] 0
4302844 [[], [13]] 0
4302897 [[], [26]] -330
4303002 [[9], []] 93
4303126 [[], [26]] -295
4303165 [[10], []] 2015
4303217 [[], [10]] -1997
4303573 [[], [29]] -74
4305134 [[32], []] 38
4305263 [[0], []] 4502
4305315 [[22], []] 189
4305349 [[29], []] 73
4305528 [[], [8]] 55
4305619 [[8], []] 0
4305835 [[8], []] 80
4306105 [[], [8]] -26
4306266 [[8], []] 0
4306401 [[8], []] 0
4306548 [[8], []] 0
4306648 [[8], []] -37
4306691 [[], [0]] -4387
4306761 [[8], []] 0
4307293 [[26], []] 324
4307440 [[8], []] -22
4307560 [[8], []] -41
4307786 [[8], []] 0
4307960 [[8], []] 0
4308107 [[8], []] -41
4308408 [[8], []] 70
4308497 [[8], []] 0
4308672 [[8], []] 41
4308837 [[0], []] 4534
4308944 [[], [29]] -103
4309078 [[29], []] 336
4309239 [[], [0]] -4425
4310314 [[], [29]] -397
4310521 [[10], []] 2032
4310558 [[29], []] 117
4310871 [[10], []] 1851
4310933 [[], [10]] -1886
4311821 [[8], []] 175
4311967 [[8], []] 82
4312061 [[], [8]] -37
4312262 [[9], []] 1335
4312654 [[], [0]] -4284
4312716 [[26], []] 316
4312790 [[13], []] -37
4312880 [[25], []] 46
4312927 [[], [25]] 0
4312997 [[], [26]] -302
4313315 [[], [32]] -2480
4313449 [[], [29]] -182
4313528 [[13], []] 53
4313603 [[], [13]] -38
4313645 [[], [25]] 0
4313743 [[], [26]] -303
4313983 [[], [22]] -189
4314043 [[3], []] 0
4314129 [[13], []] 0
4314161 [[], [13]] 0
4314260 [[], [26]] -310
4314318 [[14], []] -21
4314407 [[], [3]] -54
4314556 [[29], []] 95
4315026 [[], [6]] -1480
4315094 [[6], []] 1494
4315163 [[], [6]] -1478
4315478 [[32], []] 6187
4317320 [[], [32]] -37
4317502 [[6], []] 1392
4318126 [[], [29]] -93
4318382 [[], [6]] -1485
4319129 [[29], []] 95
4406842 [[6], []] 1523
4408102 [[], [6]] -1492
4409182 [[6], []] 1493
4409538 [[], [29]] -114
4410682 [[], [6]] -1475
4410793 [[29], []] 91
4411882 [[6], []] 1517
4413322 [[], [6]] -1473
4413360 [[0], []] 2970
4413686 [[], [0]] -4406
4414370 [[], [29]] -73
4414642 [[6], []] 1511
4416022 [[29], []] 75
4416142 [[], [6]] -1454
4417582 [[6], []] 1516
4418902 [[], [6]] -1493
4419623 [[], [29]] -75
4420342 [[6], []] 1513
4421512 [[29], []] 96
4421722 [[], [6]] -1453
4421922 [[32], []] 1274
4423102 [[6], []] 1545
4423873 [[], [32]] -213
4424302 [[], [6]] -1473
4424427 [[32], []] 1400
4425083 [[], [29]] -53
4425802 [[6], []] 1491
4426882 [[], [6]] -1430
4426962 [[29], []] 111
4428022 [[6], []] 2257
4429222 [[], [6]] -1468
4430302 [[6], []] 1486
4430546 [[], [29]] -89
4430990 [[26], []] 326
4431046 [[13], []] 23
4431126 [[], [13]] 24
4431207 [[25], []] -33
4431252 [[], [25]] 38
4431376 [[], [13]] -29
4431427 [[13], []] -46
4431500 [[], [13]] 25
4432122 [[], [12]] 0
4432256 [[9], []] 143
4432319 [[17], []] 422
4432401 [[], [17]] -403
4432470 [[29], []] 66
4432580 [[13], []] 0
4432681 [[], [25]] 33
4432811 [[10], []] 1981
4432871 [[], [10]] -1883
4432936 [[8], []] 41
4433065 [[], [32]] -2633
4433273 [[8], []] 38
4433389 [[], [9]] -111
4433487 [[10], []] 1905
4433546 [[], [10]] -1890
4433693 [[], [10]] -1818
4433726 [[8], []] -24
4433790 [[9], []] 110
4434039 [[13], []] -31
4434146 [[], [13]] 46
4434217 [[16], []] 115
4434547 [[], [12]] 0
4434807 [[], [9]] -97
4434863 [[9], []] 101
4435233 [[25], []] -29
4435327 [[8], []] -38
4435547 [[], [26]] -327
4435623 [[], [16]] -106
4436068 [[], [29]] -46
4437064 [[], [0]] -4502
4437378 [[29], []] 91
4440961 [[], [29]] -73
4442618 [[29], []] 112
4443397 [[0], []] 4567
4443899 [[], [0]] -4449
4446210 [[], [29]] -93
4448066 [[29], []] 94
4451643 [[], [29]] -92
4453655 [[29], []] 111
4455509 [[32], []] 5720
4457256 [[], [29]] -94
4457581 [[], [32]] -22
4457992 [[0], []] 4571
4458381 [[], [0]] -4445
4459251 [[29], []] 111
4462837 [[], [29]] -74
4463134 [[32], []] 1166
4464921 [[29], []] 77
4468510 [[], [29]] 58
4470451 [[29], []] 107
4471373 [[], [32]] -2701
4471570 [[27], []] 0
4471616 [[9], []] 295
4471676 [[28], []] 189
4471755 [[26], []] 339
4471822 [[16], []] 297
4471937 [[10], []] 1985
4471979 [[], [10]] -1985
4472019 [[], [9]] -111
4472136 [[21], []] 37
4472206 [[], [19]] -129
4472310 [[9], []] 201
4472654 [[26], []] 2142
4472685 [[13], []] -233
4472737 [[], [26]] -1914
4472817 [[], [0]] -4510
4474033 [[], [29]] 235
4475152 [[4], []] 144
4475365 [[], [21]] -74
4475669 [[29], []] 110
4476575 [[14], []] 216
4476716 [[31], []] 5136
4477289 [[26], []] 447
4477333 [[9], []] -73
4477383 [[], [26]] -459
4477560 [[0], []] 4839
4477729 [[], [4]] -168
4477942 [[], [0]] -4726
4478793 [[], [32]] 2240
4479252 [[], [29]] 5122
4479462 [[9], []] -353
4479604 [[26], []] 329
4479640 [[], [21]] -36
4479843 [[], [26]] -292
4479920 [[], [31]] -445
4480006 [[], [9]] -115
4480055 [[9], []] 128
4480455 [[31], []] 5439
4480580 [[26], []] 307
4480669 [[], [26]] -306
4480758 [[29], []] 74
4481048 [[], [14]] -451
4482602 [[], [31]] -485
4484354 [[], [29]] -75
4485892 [[29], []] 96
4489486 [[], [29]] -75
4491078 [[29], []] 90
4492798 [[], [29]] 0
0 waterheater2:basement [4140, -4119, 4274, -566, 180, -4209, 4209, -4133, 4278, -4206, 4151, 4340, 4167, 4377, -4556, 4274, -4387, -4353, 4401, 3342, -4359, 4320, -4259, -4453, 4270, -4271, 4538, 82, -36, 4606, -4556, 4498, -4498, 4550, -2229, 4360, -4257, 4581, -4512, 4639, -4312, 4602, -25, 177, -4484, 4551, -4451, -5609, -4397, 4385, -4255, 4334, -4320, 4326, -4302, -4680, 4295, -4343, 4424, 42, -4526, 4675, -4570, 4638, -4500, 0, 4675, -4590, -4382, 4412, -62, -4462, 4592, -4429, 4650, -4477, -4434, 4321, -4219, 4305, -2033, 4389, -5687, 4560, -4497, 4570, -4467, 4428, -4437, 4645, -4532, 4492, -4438, -4497, 4502, -4387, 4534, -4425, -4284, 2970, -4406, -4502, 4567, -4449, 4571, -4445, -4510, 4839, -4726]
1 l004:kitchen [0]
3 l021:upstairs [117, -69, 121, -33, 95, 0, -54]
4 l012:nursery [-88, -94, -89, 110, -38, -92, 114, -121, 110, -36, 144, -168]
6 humidifier1:upstairs [-1415, 1469, -1470, 1498, -1467, 1458, -1476, 1468, -1421, 1325, -1452, 1460, -1426, 1467, -1445, 1453, -1562, 1472, -1454, 1500, -1448, 1440, 1449, -1544, 1513, -1568, 1441, -1427, 1428, -1450, 1394, 1444, -1428, 1430, 2576, -31, 1458, 1475, -1535, 1511, -1526, 1567, -1455, 1570, 1533, -1498, 1506, -1525, 1541, -1509, -1501, 5853, -1471, 1511, -1470, 1621, -1564, 1536, -1543, 1500, -1487, 1516, -1503, 1575, -1513, 1572, -12167, 1514, -1523, 1541, -1461, -8870, -1494, -1535, 1567, -11165, 1526, -1459, 1415, -1484, 1532, -1482, 1473, -1455, 1497, -1477, 1496, -1470, 1494, -1476, 1496, -1476, 1494, -1475, 1497, -1475, 1496, -1481, 1479, -1480, 1500, -1482, 1501, -1481, 1518, -1503, 1504, -1498, 1497, -1474, 1496, -1475, 1477, -1475, 1494, -1472, -1485, 1516, -1496, 1512, -1494, 1514, -1482, 1511, 1492, -1511, 1511, -1474, 1490, -1490, 1476, -1474, 1492, -1474, 1494, -1510, 1550, -1469, 1527, -1474, 1512, -1476, 1487, -1509, 1486, -1487, 1505, -1401, 1515, -1492, 1487, -1471, 1468, -1509, 1532, -1472, 1484, -1492, 1508, -1469, 1471, -1468, 1471, -1488, 1499, -1475, 1491, -1473, 1477, -1458, 1509, -1499, 1510, -1475, 1494, -1483, 1516, -1530, 1495, -1493, 1529, -1518, 1485, -1509, 1533, -1513, 1536, -1463, 1521, -1535, 1558, -1495, 1491, -1489, 1532, -1499, 1513, -1495, 1498, -1474, 1516, -1533, 1523, -1530, 1511, -1492, 1479, -1474, 1512, -1476, 1517, -1474, 1533, -1499, 1529, -1489, 1516, -1524, 1534, -1492, 1516, 0, 1503, -1498, 1436, -1498, 1480, -1515, 1534, -1477, 1498, -1488, 1498, -1523, 1525, -1493, 1558, 1478, 1542, -1489, 1500, -1527, 1492, -1526, 1490, -1510, -8459, -1456, 1471, -1455, 1515, -1483, 1511, -1512, 1548, -1495, 1534, -1480, 1481, -1566, 1529, -1495, 1447, -1492, 1498, -1510, 1530, -1494, 1531, -1452, 1519, -1514, 1476, -1520, 1501, 1531, -1501, -1501, 1520, -1473, 1550, -1556, 1549, -1501, 1538, -1540, 1510, -1501, 1502, -1530, 1506, -1501, 1544, 1579, -1479, 1323, -1483, 1546, -1514, 1512, -1542, 73, -1576, 1581, -1533, 1526, -1599, 1568, -1505, 1538, -1550, 1495, 1562, 1514, -1347, 1455, -1418, 1510, -1526, 1487, -1460, 1475, -1476, 1516, -1494, 1290, -1456, -1496, 1513, -1475, 1473, -1493, 1532, -1477, 1496, -1513, 1530, -1512, 1551, -1471, 1511, -1476, 1498, -1477, 1515, -1493, 1509, -1472, -1511, 1530, -1496, 1493, -1512, 1532, -1471, 1474, -1470, 1471, -1511, 1509, -1473, 1527, -1505, 1493, -1512, 1551, -1472, 1494, -1493, 1472, -1490, 1526, -1470, 1494, -1473, 1489, -1469, 1471, -1474, 1509, -1472, 1491, -1489, 1506, -1468, 1509, -1471, -1525, 1502, -1482, 1529, -1490, 1516, -1507, 1489, -1506, 1483, -1469, 1504, -1456, 1514, -1558, 1557, -1524, -8438, -1467, 1575, -1511, 1536, -1501, 1559, -1563, 1555, -1499, 1538, -1524, 1489, -1509, -1549, 1484, -1476, 1523, -1417, 1503, -1292, 1543, -1522, 1548, -1502, 1548, -1540, 1549, -1541, 1557, -1486, 1530, -1534, 1483, -1531, 1514, -1443, 1581, -1516, 1550, -1514, 1563, -1531, 1549, -1458, 1499, -1474, 1517, -1557, 1531, -1480, 1578, -1570, 1532, 1531, -1528, 1539, -1472, 0, -1513, 1524, -1507, 1531, 1543, -1522, -1542, 1580, -1560, 1538, -1531, 1547, -1642, 1537, -1539, 1569, -1512, 1625, 1540, -1580, 1545, -1736, 1480, 1593, -12329, 1563, -1548, 1564, -1537, 1556, -1515, 1555, -1500, 1551, -1514, 1552, -1530, 1526, -1508, 1563, -1504, -1510, 1546, -1512, 1530, 1554, -1585, 1546, -1520, 1534, -1549, 1552, -1478, 1518, -1480, 1516, -1477, 1515, -1497, 1532, -1515, 1500, -1500, 1481, -1478, 1514, -1481, 1520, -1500, 1519, -1501, 1519, -1500, 1517, -1479, 1520, -1502, 1501, -1502, 1518, -1518, 1499, -1499, 1499, -1496, -1494, 1517, -1498, 1521, -1477, 1479, -1496, 1498, -1515, 1534, -1479, 1498, -1517, 1498, -1523, 1512, -1509, 1579, -1559, 1538, 1549, -1491, 1494, -1493, 1495, -1521, 1549, -1548, 1521, -1539, 1519, -1459, 1512, -1492, 1492, -1490, 1526, -1511, 1548, -11378, 1513, -1514, 1514, -1473, 1490, -1490, 1511, -1517, 1515, 1506, -1548, 1529, -1463, 1603, -1515, 1543, -11460, 1482, -1442, 1525, -1427, 1547, -1526, 1534, -1549, 1514, -1537, 1585, -1540, 1579, -1513, 1548, -1537, 1556, -1535, 1505, -1522, 1581, -1519, 1477, -1535, 1510, -1498, 1524, -1551, 1512, -1491, 1483, -1496, 1546, -1544, 1501, -1534, 1539, -1527, 1534, -1478, -1480, 1518, -1480, 1496, -1479, 1511, -1476, 1515, -1479, 1517, -1481, 1484, -1475, 1479, -1477, 1515, -1474, 1495, -1499, 1517, -1479, 1500, -1479, 1501, -1474, 1494, -1473, 1477, -1477, 1499, -1460, 1514, -1476, 1496, -1477, 1480, -1482, 1498, -1453, 1495, -1473, 1517, -1495, 1477, -1476, 1498, -1478, -1541, 1494, -1474, 1494, -1492, 1473, -1474, 1514, -1472, 1490, -1454, 1490, -1453, 1454, -1452, 1487, -1448, 1485, -1469, 1488, -1453, 1488, -828, 1500, -1449, 1500, -1512, 1503, -1486, 1510, -1474, 1492, -1476, 1490, -1433, 1507, -1440, 1558, -1513, -1480, 1494, -1478, 1392, -1485, 1523, -1492, 1493, -1475, 1517, -1473, 1511, -1454, 1516, -1493, 1513, -1453, 1545, -1473, 1491, -1430, 2257, -1468, 1486]
7 uptoilet:upstairs [-149, 61, -40, 47, 0, -188, -170, -29, 56, -36, -64, -83, -66, -39, 34, -71, 72, -24, -81, -26, 33, -66, -38, 67, -51, -34]
8 kitchensink:kitchen [-35, -48, -27, -46, -36, -50, 47, 34, 49, 74, 46, -152, 32, 46, 36, -35, -33, 47, -36, 0, 0, 0, -22, 39, 0, 72, -23, 0, -36, 0, -21, 0, -35, -46, -45, 0, 0, 0, -28, 0, 0, -51, -41, 48, 0, 36, -37, -58, 68, 37, -29, 37, 26, 33, 0, -22, -36, 0, -29, 29, 37, 39, -26, -28, 0, 33, 38, -37, 0, -43, 24, -30, -47, -45, 69, 54, 0, -49, 36, -21, 21, -21, -32, -21, 0, 0, 0, -39, -24, -38, 0, 0, 36, 0, 0, -23, 27, -33, -96, 78, -41, 37, 49, -27, 41, 70, 47, 30, 0, 29, -34, -78, 0, 48, 0, 36, 38, 29, 45, 129, 33, -30, 78, 0, 25, -21, -34, -40, 0, -37, 25, -80, 128, -49, -65, 36, 55, -86, -54, -121, -63, -21, -36, 36, -32, -81, 0, 0, -50, -54, 54, 22, 28, 56, -28, 64, 47, -28, 0, 0, -29, 28, -38, 29, 0, 29, -32, 591, 0, 55, 0, 80, -26, 0, 0, 0, -37, 0, -22, -41, 0, 0, -41, 70, 0, 41, 175, 82, -37, 41, 38, -24, -38]
9 l011:bedroom [135, 107, 104, -98, -153, 128, 94, 114, -114, 136, -123, -150, 171, -91, -153, -117, 29, -109, 494, 117, -154, 94, 111, -111, 108, 121, 110, 126, -126, 90, -232, 123, -110, -166, -144, 1316, -127, 158, -145, 108, -79, 105, -147, 119, 150, 92, -183, 114, 114, 92, -93, 116, 93, 1335, 143, -111, 110, -97, 101, 295, -111, 201, -73, -353, -115, 128]
10 microwave:kitchen [-1572, 1667, 50, 1765, -1820, 1655, -1669, -1634, 0, 1732, -1632, 1718, -1779, 2027, 2133, -1997, 2026, -1990, 1985, -1733, 1734, -1728, -1713, 1886, -1797, 2035, -2005, 1766, -11634, 1694, 1871, -1814, 1793, -1754, 1755, -1749, 174, -1559, 2052, -1930, 1726, -1653, -38, 239, -1685, 1923, -1949, 1901, -1845, -2020, 2002, 2015, -1997, 2032, 1851, -1886, 1981, -1883, 1905, -1890, -1818, 1985, -1985]
11 l002:kitchen [237, -11198, 84, -252, 237]
12 shower:bathroom [0, 35, -290, 35, 37, -49, 0, -32, 79, 25, -37, -51, 0, -39, 33, 37, -71, 94, 40, 42, 0, 40, 0, -151, 0, -24, -25, 0, 0]
13 downtoilet:bathroom [27, 36, 499, -31, 39, 36, -38, -37, -62, -40, -45, 50, -40, 80, 57, 0, -23, -37, -634, -42, -23, 68, 0, 33, 26, 0, 59, -1509, -28, -590, 36, -50, -54, -129, 51, -102, -49, -48, -48, 37, 33, -83, 0, -24, -24, 454, 49, 21, 21, 0, -37, 53, -38, 0, 0, 23, 24, -29, -46, 25, 0, -31, 46, -233]
14 l009:diningroom [179, 150, 194, -212, -186, -21, 216, -451]
15 upsink:upstairs [-34, 0]
16 l010:hallway [88, -82, 0, -9983, 108, 96, 126, 0, 69, 92, 115, -106, 297]
17 hairdryer:bathroom [422, -403]
18 l005:kitchen [91]
19 l013:mudroom [-129]
21 washingmachine:basement [37, -74, -36]
22 l019:kitchen [-329, 158, 123, 114, 164, -72, -37, -175, 188, -143, 189, -189]
23 l018:livingroom [55, 385]
24 toaster:kitchen [1380, -1402, -983, 742, 0]
25 downsink:bathroom [0, 49, 48, -48, 0, 42, 32, 4723, 0, 59, -66, 0, 0, 0, 24, 31, 31, 36, 0, 1510, 49, -640, 105, 65, 36, -36, -36, -50, 0, 36, -33, 0, 23, -1231, 54, 0, 46, 0, 0, -33, 38, 33, -29]
26 l007:bathroom [282, -224, 274, -308, 255, -314, 304, 298, 279, -277, 290, -256, 299, -283, 424, -33, 0, -315, 348, -269, 313, -327, 229, -189, -313, 314, -297, 261, -321, 104, 288, -261, 279, -280, 344, -290, -331, 322, 278, 294, 293, -293, -231, 455, -439, 0, 291, -296, -296, 293, -330, -295, 324, 316, -302, -303, -310, 326, -327, 339, 2142, -1914, 447, -459, 329, -292, 307, -306]
27 l014:livingroom [140, -157, 166, -146, 172, 144, -167, 175, 0]
28 heatingindoorunit:house [-36, 5118, -892, 63, -939, 10287, -10260, 10286, -962, 10329, -950, 10551, -789, 9911, -869, 10447, -806, -55, -59, 10901, -837, 10837, -822, 10863, -762, 10832, -814, -688, -847, -818, -654, -9992, -857, -762, 10747, -759, 10731, -52, -589, 0, -689, 10659, -1532, 10946, -483, 0, -857, 10854, -652, 10784, -818, 10756, 10896, -601, -632, 189]
29 fridge:kitchen [-72, 89, -99, 126, -72, 382, -365, 133, -292, 89, -180, 108, 134, -104, 90, -272, -72, 90, -110, 5342, -72, 126, -63, 91, -72, 72, -117, 396, -53, 96, -72, 370, -36, -199, 90, -91, 93, -166, 94, -95, 77, 47, 72, -91, 70, -84, 59, -66, 92, -76, 73, -73, -46, -59, 92, 93, -101, 98, -91, 89, 86, 75, 71, -52, -354, 220, -164, 80, 87, 129, -114, -88, 96, -52, 55, 74, -62, 91, -70, 78, -74, 129, 55, -80, 77, -112, 150, -55, 130, 53, -344, 124, -189, 122, -102, 73, -85, -73, 165, 38, 1561, -91, 108, -109, -105, 92, -75, 95, -94, 95, -56, 74, -69, 93, -94, 92, -83, 117, -10377, -24, -74, 388, -25, -189, -1148, -91, -95, 75, -74, 116, -106, 93, -62, 82, 117, -74, 93, -93, 78, -75, 95, -93, 94, -94, 92, -126, 91, -92, 104, 101, -62, 372, -345, -172, 91, -75, 69, 94, 96, 0, 93, -93, 95, -111, 75, -711, 97, -73, 112, -56, 57, -95, 0, -74, 92, -112, 91, -74, 112, -93, 102, -74, 73, -103, 336, -397, 117, -182, 95, -93, 95, -114, 91, -73, 75, -75, 96, -53, 111, -89, 66, -46, 91, -73, 112, -93, 94, -92, 111, -94, 111, -74, 77, 58, 107, 235, 110, 5122, 74, -75, 96, -75, 90, 0]
30 l006:kitchen [55, 22, 55]
31 dryer:basement [5136, -445, 5439, -485]
32 heatingoutdoorunit:house [7474, 1822, 7791, 5244, -2471, 6542, 7903, 6107, 0, 5503, 8329, -2469, 1725, -2557, 1203, 0, 8155, 1686, -2412, 6196, -2285, 6385, 8304, 2754, -1574, 1174, -2695, 6570, -754, 5765, 6067, -2126, 959, -2288, 1000, -2256, 5892, -1548, 5761, -712, -665, 1072, 0, 6055, -2810, 1336, 0, 38, -2480, 6187, -37, 1274, -213, 1400, -2633, 5720, -22, 1166, -2701, 2240]

Process finished with exit code 0
