3542411 [[28], []] -36
3544289 [[], [6]] -1433
3544902 [[], [29]] -107
3546404 [[29], []] 89
3547769 [[6], []] 1469
3548249 [[], [6]] -1469
3549269 [[6], []] 1471
3549749 [[], [6]] -1467
3550003 [[], [29]] -108
3550769 [[6], []] 1440
3551069 [[], [6]] -1476
3551476 [[29], []] 117
3551789 [[6], []] 1450
3552269 [[], [6]] -1431
3552676 [[], [29]] -63
3552809 [[29], []] 364
3553169 [[6], []] 1325
3553470 [[0], []] 4169
3553649 [[], [6]] -1420
3553796 [[], [0]] -4106
3554114 [[], [29]] -365
3554363 [[29], []] 178
3554549 [[6], []] 1450
3555149 [[], [6]] -1419
3556229 [[6], []] 1467
3556829 [[], [6]] -1477
3557048 [[], [29]] -284
3557789 [[6], []] 1471
3558124 [[29], []] 89
3558389 [[], [6]] -1573
3559349 [[6], []] 1624
3559949 [[], [6]] -1464
3560909 [[6], []] 1473
3561569 [[], [6]] -1445
3561708 [[], [29]] -188
3562349 [[6], []] 1458
3562800 [[29], []] 99
3563729 [[6], []] 1458
3564449 [[], [6]] -1562
3565349 [[6], []] 1513
3565829 [[], [6]] -1551
3566367 [[26], []] 300
3566466 [[13], []] -35
3566536 [[], [13]] -26
3566718 [[0], []] 4265
3567089 [[6], []] 1441
3567480 [[], [12]] -38
3567601 [[9], []] 212
3567749 [[], [6]] -1476
3567907 [[13], []] 485
3567981 [[], [25]] -49
3568084 [[], [0]] -583
3568179 [[], [10]] -1540
3568516 [[8], []] -48
3568619 [[], [22]] -328
3568782 [[7], []] -149
3568828 [[], [7]] 47
3569041 [[13], []] -35
3569095 [[25], []] 66
3569162 [[], [13]] -26
3569247 [[], [25]] -30
3569404 [[], [12]] 48
3569518 [[10], []] 1685
3569638 [[], [10]] -40
3569718 [[], [26]] -307
3569857 [[], [0]] 202
3570040 [[26], []] 274
3570187 [[25], []] 40
3570356 [[], [26]] -308
3570726 [[8], []] -43
3570894 [[16], []] 92
3570944 [[13], []] -25
3571222 [[], [29]] -99
3572185 [[29], []] 90
3573019 [[], [0]] -4209
3575782 [[], [29]] -272
3577202 [[28], []] 5118
3578645 [[], [28]] -2104
3580027 [[0], []] 4210
3580514 [[], [0]] -4151
3580795 [[], [29]] -72
3582526 [[29], []] 108
3585030 [[28], []] 63
3585622 [[], [28]] -2119
3586106 [[], [29]] -90
3587926 [[28], []] 10287
3589318 [[], [28]] -10250
3591539 [[], [29]] -72
3591772 [[28], []] 10286
3593253 [[], [28]] -4840
3593490 [[29], []] 126
3594503 [[0], []] 4296
3594921 [[], [0]] -4202
3595960 [[28], []] 10329
3597090 [[], [29]] 54
3597670 [[], [28]] -964
3598994 [[29], []] 92
3599118 [[28], []] 10551
3602583 [[], [29]] -82
3604540 [[29], []] 90
3606721 [[9], []] 107
3606828 [[26], []] 282
3606968 [[27], []] 158
3607012 [[8], []] 0
3607087 [[10], []] 1765
3607564 [[8], []] -46
3607930 [[8], []] -28
3608133 [[], [29]] -88
3608228 [[3], []] 101
3608328 [[], [7]] 30
3608375 [[], [7]] -29
3608508 [[], [7]] -146
3608677 [[7], []] 0
3608834 [[0], []] 4157
3608887 [[8], []] -80
3608973 [[], [8]] 62
3609219 [[], [8]] 141
3609286 [[], [26]] -177
3609346 [[16], []] -82
3609673 [[10], []] 1656
3609732 [[], [10]] -1669
3609799 [[29], []] 414
3609923 [[8], []] -31
3610104 [[], [8]] 57
3610508 [[22], []] 141
3610648 [[6], []] 1428
3610772 [[8], []] -47
3610836 [[], [8]] -185
3611071 [[8], []] 46
3611135 [[], [8]] 46
3611443 [[8], []] 33
3611489 [[8], []] -49
3611815 [[9], []] 93
3611927 [[8], []] 29
3612091 [[8], []] 29
3612170 [[8], []] -35
3612324 [[8], []] -31
3612452 [[8], []] 0
3612556 [[8], []] -43
3612781 [[8], []] 39
3612929 [[], [6]] -1451
3612986 [[8], []] 0
3613095 [[26], []] 302
3613312 [[8], []] 72
3613387 [[], [29]] -71
3613779 [[8], []] 41
3613898 [[8], []] 0
3613948 [[6], []] 1394
3614003 [[26], []] 280
3614251 [[29], []] 78
3614330 [[8], []] -21
3614502 [[8], []] 0
3614565 [[8], []] 31
3614715 [[8], []] 0
3614814 [[8], []] 36
3614966 [[8], []] 66
3615189 [[26], []] 262
3615600 [[], [9]] -91
3616108 [[6], []] 1417
3616246 [[], [4]] -88
3616649 [[], [6]] -1445
3616771 [[], [28]] -791
3617428 [[6], []] 1448
3617558 [[], [29]] -72
3617692 [[29], []] 370
3617747 [[8], []] 0
3617846 [[8], []] 0
3617911 [[0], []] 4340
3618223 [[14], []] 184
3618688 [[6], []] 2558
3618743 [[28], []] 8795
3618830 [[], [9]] -120
3619024 [[], [25]] 35
3619137 [[9], []] 128
3619213 [[29], []] -47
3619959 [[0], []] 4167
3620035 [[26], []] 303
3620163 [[], [25]] 0
3620247 [[], [26]] -257
3620574 [[14], []] 133
3621079 [[26], []] 345
3621415 [[], [28]] -8086
3621508 [[6], []] 1458
3621598 [[], [26]] -283
3621788 [[], [27]] -157
3621883 [[9], []] 94
3622008 [[7], []] 55
3622108 [[], [7]] -36
3622385 [[], [29]] -199
3622647 [[28], []] 10447
3623320 [[6], []] 1475
3623524 [[29], []] 129
3626156 [[], [28]] -824
3627101 [[], [29]] -95
3628246 [[29], []] 95
3628600 [[0], []] 4375
3715809 [[], [29]] -168
3717029 [[29], []] 94
3717880 [[8], []] 0
3717926 [[9], []] 114
3717983 [[], [9]] -111
3718138 [[13], []] 40
3718318 [[], [16]] 0
3718375 [[], [3]] 68
3718708 [[], [0]] -4543
3720612 [[], [29]] -95
3721864 [[29], []] 76
3721939 [[28], []] 10888
3722918 [[], [28]] -59
3723906 [[28], []] 10899
3725463 [[], [29]] -73
3726259 [[], [28]] -800
3727224 [[29], []] 75
3727631 [[28], []] 10837
3730806 [[], [29]] -91
3732748 [[29], []] 51
3732877 [[], [28]] -806
3733211 [[28], []] 10863
3735366 [[0], []] 4508
3735726 [[], [0]] -4354
3736328 [[], [29]] -103
3738217 [[29], []] 92
3740848 [[], [6]] -1505
3741267 [[6], []] 1548
3741789 [[], [29]] -55
3743594 [[29], []] 113
3744361 [[7], []] -55
3744406 [[], [7]] -64
3744628 [[], [6]] -1526
3744927 [[6], []] 1585
3745849 [[], [28]] -785
3747192 [[], [29]] -76
3747808 [[], [6]] -1455
3748120 [[28], []] 10811
3748287 [[6], []] 1560
3749003 [[29], []] 110
3750211 [[7], []] -77
3750256 [[], [7]] -66
3750309 [[16], []] -9975
3750388 [[], [25]] -36
3750508 [[25], []] 40
3750631 [[10], []] -41
3750746 [[], [25]] -84
3750839 [[8], []] -65
3750894 [[10], []] 1732
3750982 [[], [10]] -1614
3751135 [[], [0]] -4340
3751287 [[6], []] 1523
3751672 [[8], []] -48
3751716 [[], [8]] -48
3752556 [[8], []] 0
3752699 [[8], []] -29
3752757 [[], [8]] -29
3752824 [[8], []] -40
3752960 [[0], []] 4391
3753088 [[], [6]] -1494
3753353 [[], [8]] 68
3753415 [[9], []] 136
3753567 [[6], []] 1557
3753659 [[], [9]] -109
3754164 [[29], []] -65
3755548 [[], [6]] -1543
3756027 [[6], []] 1551
3756190 [[8], []] -37
3756507 [[8], []] 29
3756583 [[], [9]] -132
3757391 [[8], []] 37
3757478 [[8], []] 36
3757557 [[0], []] 3342
3757756 [[], [29]] 64
3757881 [[8], []] -51
3757948 [[], [6]] -1491
3758072 [[], [0]] -4373
3758399 [[8], []] -28
3758584 [[8], []] -22
3758695 [[8], []] -36
3758801 [[8], []] 36
3758877 [[8], []] -36
3759019 [[8], []] 58
3759160 [[29], []] 100
3759305 [[8], []] 30
3759788 [[8], []] 39
3759903 [[8], []] -26
3760288 [[], [6]] -1509
3760592 [[8], []] 28
3760770 [[8], []] 28
3760901 [[8], []] -65
3761236 [[], [0]] -4259
3761977 [[], [28]] -813
3762568 [[], [6]] -1471
3762718 [[8], []] -36
3762884 [[8], []] 37
3763047 [[6], []] 1511
3763223 [[8], []] -24
3763346 [[], [8]] -35
3763590 [[32], []] 7467
3763844 [[], [0]] -4497
3764047 [[29], []] 79
3764368 [[], [6]] -1489
3764637 [[13], []] 21
3764723 [[], [13]] 5052
3764847 [[6], []] 1594
3766108 [[], [6]] -1521
3766527 [[6], []] 1571
3767628 [[], [29]] -104
3768208 [[], [6]] -1546
3768627 [[6], []] 1565
3769204 [[29], []] 84
3770008 [[], [6]] -1513
3770427 [[6], []] 1535
3770631 [[13], []] 40
3770757 [[0], []] 4299
3771104 [[], [0]] -4307
3771193 [[13], []] 47
3771273 [[], [13]] 59
3772348 [[], [6]] -1532
3772707 [[6], []] 1548
3772791 [[], [29]] 94
3774028 [[], [6]] -1524
3774310 [[29], []] -136
3774387 [[6], []] 1567
3775528 [[], [6]] -12185
3776007 [[6], []] 1495
3776587 [[8], []] -63
3777268 [[], [6]] -1505
3777687 [[6], []] 1560
3777892 [[], [29]] -131
3778486 [[32], []] 1822
3778542 [[26], []] 531
3778594 [[12], []] -303
3778648 [[], [6]] -1461
3779067 [[6], []] -8778
3779118 [[22], []] -10750
3779388 [[29], []] 118
3779557 [[], [12]] -54
3779665 [[9], []] 197
3780027 [[], [6]] -1501
3780264 [[], [26]] 0
3780579 [[], [26]] 0
3780665 [[30], []] 54
3780807 [[], [6]] -1517
3781167 [[6], []] 1586
3782187 [[], [6]] -11234
3782374 [[], [4]] -87
3782667 [[6], []] 1544
3782816 [[], [0]] 82
3782893 [[], [32]] 7762
3782944 [[], [0]] -159
3783419 [[8], []] -72
3783499 [[11], []] 252
3783704 [[8], []] 54
3783927 [[], [6]] -1459
3784051 [[8], []] 0
3784103 [[29], []] 40
3784355 [[8], []] -63
3784467 [[6], []] 1430
3784830 [[], [28]] -743
3785019 [[], [10]] -1816
3785104 [[8], []] -21
3785242 [[8], []] -21
3785365 [[8], []] -36
3785411 [[], [8]] 0
3785487 [[], [6]] -1487
3785550 [[], [29]] -58
3785661 [[8], []] 0
3785889 [[8], []] 21
3785963 [[8], []] 0
3786130 [[0], []] 4609
3786313 [[], [9]] -91
3786365 [[13], []] 57
3786413 [[12], []] 30
3786531 [[8], []] -45
3786614 [[], [8]] 0
3786886 [[], [29]] -390
3787130 [[29], []] 214
3787214 [[], [12]] -68
3787283 [[32], []] 5207
3787554 [[], [26]] -297
3787752 [[3], []] 121
3787908 [[], [3]] -62
3788608 [[], [9]] -161
3789056 [[26], []] 301
3789629 [[25], []] -26
3789802 [[], [26]] -278
3789927 [[], [9]] -117
3789972 [[], [29]] -139
3790736 [[], [32]] -2471
3791104 [[29], []] 80
3791648 [[], [0]] -4562
3791901 [[10], []] 2025
3792688 [[32], []] 6542
3793191 [[8], []] 0
3793245 [[8], []] 0
3793376 [[8], []] -38
3793571 [[0], []] 4513
3793755 [[], [8]] 76
3793858 [[9], []] 0
3794003 [[14], []] 183
3794698 [[], [29]] 140
3795764 [[29], []] 89
3797158 [[], [32]] 7921
3797652 [[], [28]] -918
3799351 [[], [29]] -60
3800683 [[4], []] -55
3800776 [[22], []] 95
3800885 [[], [1]] 0
3800948 [[26], []] 294
3801098 [[], [26]] -346
3801272 [[6], []] 1556
3801604 [[], [0]] -4474
3802448 [[], [6]] -1482
3802513 [[6], []] 1473
3802760 [[], [6]] -1455
3802830 [[6], []] 1496
3803066 [[], [6]] -1477
3803139 [[6], []] 1496
3803376 [[], [6]] -1475
3803448 [[6], []] 1494
3803692 [[], [6]] -1476
3803762 [[6], []] 1496
3804048 [[], [6]] -1474
3804123 [[6], []] 1494
3804274 [[], [29]] -92
3804380 [[], [6]] -1494
3804456 [[6], []] 1477
3804774 [[], [6]] -1478
3804856 [[6], []] 1496
3805119 [[], [6]] -1481
3805196 [[6], []] 1480
3805472 [[], [6]] -1461
3805552 [[6], []] 1499
3805661 [[29], []] 96
3805790 [[], [6]] -1482
3805865 [[6], []] 1501
3806185 [[], [6]] -1479
3806268 [[6], []] 1498
3806501 [[], [6]] -1505
3806576 [[6], []] 1504
3806823 [[], [6]] -1498
3806897 [[6], []] 1497
3807192 [[], [6]] -1474
3807267 [[6], []] 1497
3807546 [[], [6]] -1478
3807621 [[6], []] 1496
3807884 [[], [6]] -1457
3807963 [[6], []] 1475
3808235 [[], [6]] -1472
3808566 [[], [6]] -1485
3808639 [[6], []] 1519
3808958 [[], [6]] -1473
3809035 [[6], []] 1496
3809254 [[], [29]] -56
3809313 [[], [6]] -1494
3809390 [[6], []] 1514
3809676 [[], [6]] -1463
3809755 [[6], []] 1530
3810074 [[], [32]] 37
3810162 [[6], []] 1492
3810433 [[], [6]] -1474
3810510 [[6], []] 1492
3810789 [[], [6]] -1474
3810866 [[6], []] 1490
3811187 [[], [6]] -1490
3811248 [[0], []] 4534
3811589 [[], [0]] -2234
3811676 [[6], []] 1475
3811860 [[], [6]] -1453
3811931 [[6], []] 1510
3812126 [[], [6]] -1497
3812198 [[6], []] 1497
3812502 [[], [6]] -1510
3812579 [[6], []] 1532
3812794 [[], [6]] -1469
3812864 [[6], []] 1525
3813080 [[], [6]] -1471
3813150 [[6], []] 1512
3813394 [[], [6]] -1478
3813466 [[6], []] 1491
3813744 [[], [6]] -1494
3813819 [[6], []] 1501
3814061 [[], [6]] -1469
3814134 [[6], []] 1505
3814469 [[], [6]] -1298
3814547 [[6], []] 1538
3814784 [[], [6]] 9705
3814857 [[6], []] 6444
3815164 [[], [6]] -1471
3815241 [[6], []] 1462
3815507 [[], [6]] -1487
3815583 [[6], []] 1532
3815841 [[], [6]] -1475
3815918 [[6], []] 1491
3816167 [[], [6]] -1492
3816242 [[6], []] 1508
3816496 [[], [6]] -1469
3816570 [[6], []] 1471
3816759 [[], [6]] -1468
3816829 [[6], []] 1471
3817091 [[], [6]] -1488
3817167 [[6], []] 1481
3817408 [[], [6]] -1457
3817483 [[6], []] 1491
3817725 [[], [6]] -1473
3817800 [[6], []] 1476
3818007 [[32], []] 5484
3818072 [[], [6]] -1422
3818150 [[6], []] 1532
3818439 [[], [6]] -1499
3818520 [[6], []] 1545
3818747 [[], [6]] -1471
3818819 [[6], []] 1492
3819086 [[], [6]] -1483
3819165 [[6], []] 1516
3819430 [[], [6]] -1507
3819506 [[6], []] 1495
3819831 [[], [6]] -1511
3819912 [[6], []] 1529
3820206 [[], [6]] -1504
3820288 [[6], []] 1483
3820520 [[], [6]] -1509
3820595 [[6], []] 1531
3820843 [[], [6]] -1495
3820918 [[6], []] 1520
3821136 [[], [6]] -1463
3821209 [[6], []] 1487
3821518 [[], [6]] -1535
3821600 [[6], []] 1558
3821784 [[29], []] 93
3821851 [[], [6]] -1495
3821929 [[6], []] 1510
3822241 [[], [6]] -1516
3822322 [[6], []] 1532
3822608 [[], [6]] -1499
3822689 [[6], []] 1494
3823011 [[], [6]] -1491
3823095 [[6], []] 1495
3823353 [[], [6]] -1456
3823431 [[6], []] 1516
3823693 [[], [6]] -1536
3823772 [[6], []] 1526
3824038 [[], [6]] -1552
3824116 [[6], []] 1511
3824369 [[], [6]] -1511
3824444 [[6], []] 1460
3824644 [[], [6]] -1497
3824717 [[6], []] 1534
3824968 [[], [6]] -1494
3825044 [[6], []] 1514
3825342 [[], [6]] -1474
3825423 [[6], []] 1533
3825526 [[], [32]] 8348
3825746 [[], [6]] -1499
3825825 [[6], []] 1519
3826109 [[], [6]] -1480
3826185 [[6], []] 1470
3826563 [[], [6]] -1524
3826646 [[6], []] 1534
3826936 [[], [6]] -1474
3827012 [[6], []] 1534
3827267 [[], [6]] -47
3827337 [[6], []] 1549
3827649 [[], [6]] -1480
3827724 [[6], []] 1436
3828032 [[], [6]] -1507
3828109 [[6], []] 1507
3828455 [[], [6]] -1516
3828536 [[6], []] 1524
3828791 [[], [6]] -1505
3828864 [[6], []] 1498
3829185 [[], [6]] -1462
3829262 [[6], []] 1498
3829536 [[], [6]] -1494
3829611 [[6], []] 1516
3829902 [[], [6]] -1530
3829977 [[6], []] 1558
3830265 [[0], []] 4378
3830350 [[6], []] 1509
3830622 [[], [0]] -4275
3830727 [[6], []] 1579
3830862 [[], [29]] -112
3831001 [[], [6]] -1460
3831079 [[6], []] 1508
3831444 [[], [6]] -1549
3831532 [[6], []] 1503
3831783 [[], [6]] -1515
3831865 [[6], []] 1526
3832133 [[], [6]] -1528
3832214 [[6], []] -8533
3832256 [[], [28]] -838
3832379 [[], [6]] -1457
3832451 [[6], []] 1471
3832587 [[29], []] 111
3832662 [[], [6]] -1455
3832738 [[6], []] 1513
3834070 [[13], []] 0
3834153 [[], [25]] -38
3834315 [[10], []] 2172
3834378 [[], [10]] -1997
3835063 [[7], []] 75
3835191 [[0], []] 4563
3835424 [[25], []] 0
3835493 [[25], []] 49
3835538 [[25], []] -31
3835584 [[], [0]] -4524
3836081 [[], [9]] -109
3836173 [[], [29]] -70
3836219 [[10], []] 2015
3836309 [[], [10]] -1966
3837266 [[29], []] 75
3838091 [[8], []] 0
3838177 [[7], []] 72
3838223 [[], [7]] 36
3838651 [[15], []] 0
3840094 [[0], []] 4642
3840432 [[], [0]] -4312
3840855 [[], [29]] -112
3841628 [[29], []] 149
3841728 [[], [32]] -2432
3843967 [[8], []] 0
3844103 [[12], []] 0
3844233 [[0], []] 4602
3845191 [[], [12]] -28
3845274 [[13], []] -23
3845335 [[], [13]] 23
3846407 [[8], []] 0
3846474 [[], [8]] 27
3846706 [[29], []] 49
3846783 [[], [9]] 494
3846846 [[13], []] -634
3847035 [[], [0]] -37
3847098 [[], [25]] 0
3847146 [[12], []] 61
3847430 [[], [10]] -1733
3847573 [[10], []] 1730
3847616 [[], [12]] 0
3848889 [[10], []] 1794
3848949 [[], [10]] -1794
3849132 [[8], []] -51
3849599 [[8], []] -92
3850019 [[13], []] -42
3850168 [[32], []] 1758
3850218 [[], [0]] 287
3850279 [[], [29]] -50
3850541 [[13], []] 50
3850619 [[], [13]] 0
3850700 [[9], []] 155
3851536 [[], [9]] -165
3851586 [[29], []] 77
3851922 [[], [32]] -2545
3853109 [[], [0]] -4484
3855170 [[], [29]] -113
3856684 [[29], []] 112
3859414 [[32], []] 1221
3859928 [[0], []] 4551
3860273 [[], [29]] -61
3860376 [[], [0]] -4456
3861003 [[], [32]] -23
3861991 [[29], []] 111
3864555 [[9], []] 94
3864655 [[], [29]] 74
3864714 [[13], []] 53
3864954 [[9], []] 114
3865032 [[], [9]] -74
3865106 [[8], []] 0
3865247 [[10], []] 2051
3865346 [[], [10]] -1949
3865863 [[23], []] 55
3866031 [[], [29]] -349
3866275 [[29], []] 183
3866553 [[11], []] -11017
3866733 [[16], []] 126
3866812 [[7], []] -41
3866858 [[], [7]] 40
3867199 [[8], []] -131
3867303 [[0], []] -5904
3867474 [[], [8]] 61
3867899 [[9], []] 118
3867999 [[13], []] -26
3868163 [[], [0]] -4397
3868267 [[], [6]] -1488
3868335 [[6], []] 1508
3868747 [[], [6]] -1502
3868829 [[6], []] 1541
3869056 [[], [29]] -198
3869219 [[], [6]] -1500
3869303 [[6], []] 1516
3869548 [[], [32]] 8155
3869670 [[], [6]] -1469
3869751 [[6], []] 1482
3870093 [[9], []] -132
3870144 [[13], []] -28
3870275 [[], [8]] -47
3870340 [[29], []] 133
3870480 [[], [6]] -1565
3870554 [[6], []] 1567
3870856 [[], [6]] -1429
3870928 [[6], []] 1438
3871217 [[22], []] 182
3871268 [[], [6]] -1521
3871336 [[0], []] 4375
3871759 [[], [0]] -4222
3871854 [[6], []] 1508
3871920 [[], [8]] 52
3871997 [[8], []] 59
3872223 [[], [6]] -1491
3872305 [[6], []] 1512
3872529 [[8], []] 30
3872612 [[], [6]] -1494
3872688 [[6], []] 1539
3872906 [[8], []] 0
3873012 [[], [6]] -1500
3873089 [[6], []] 1501
3873313 [[], [6]] -1531
3873382 [[6], []] 1513
3873796 [[], [6]] -1479
3873879 [[6], []] 1480
3873927 [[], [29]] -120
3873986 [[8], []] -29
3874210 [[8], []] -33
3874289 [[6], []] 1518
3874466 [[], [0]] -4335
3874530 [[], [6]] -1549
3874594 [[9], []] 110
3874938 [[], [6]] -1501
3875016 [[6], []] 1549
3875324 [[], [6]] -1473
3875400 [[6], []] 1532
3875727 [[], [6]] -1530
3875804 [[6], []] 1586
3876024 [[8], []] 55
3876146 [[], [6]] -1472
3876228 [[6], []] 1520
3876697 [[], [6]] -1507
3876785 [[6], []] 1507
3876829 [[], [0]] -4332
3877072 [[], [6]] -1501
3877153 [[6], []] 1530
3877406 [[], [6]] -1521
3877484 [[6], []] 1513
3877690 [[], [6]] -1507
3877760 [[6], []] 1567
3877855 [[8], []] 22
3877934 [[8], []] -26
3878059 [[], [23]] 367
3878147 [[], [26]] -269
3878257 [[6], []] 1543
3878404 [[], [6]] -1491
3878550 [[], [29]] -103
3878833 [[], [6]] -1512
3878916 [[6], []] 1520
3879154 [[], [6]] -1548
3879232 [[6], []] 1540
3879533 [[], [6]] -1516
3879610 [[6], []] 54
3879948 [[], [6]] -1525
3880031 [[6], []] 1635
3880107 [[], [6]] -1606
3880226 [[6], []] 1600
3880793 [[], [6]] -1583
3880946 [[6], []] 1476
3881247 [[], [6]] -1523
3881486 [[6], []] 1575
3882071 [[], [6]] -1623
3882866 [[6], []] 1541
3883201 [[], [29]] -81
3883476 [[4], []] -106
3883712 [[6], []] 1585
3883866 [[], [28]] -10566
3883984 [[], [0]] -4735
3884081 [[6], []] 1514
3884255 [[], [6]] -1347
3884329 [[6], []] 1510
3884397 [[29], []] 130
3884596 [[], [6]] -1434
3884675 [[6], []] 1528
3884847 [[], [6]] -1561
3884941 [[4], []] 130
3885746 [[6], []] 1543
3886525 [[], [6]] -1479
3886586 [[6], []] 1475
3886790 [[], [6]] -1458
3886861 [[6], []] 1497
3887075 [[], [6]] -1475
3887149 [[6], []] 1491
3887247 [[], [6]] -1439
3887496 [[27], []] 167
3887591 [[], [27]] -146
3887726 [[], [25]] 0
3887792 [[], [26]] -295
3887859 [[3], []] 94
3887903 [[], [14]] -166
3888018 [[], [7]] -38
4060804 [[28], []] -9992
4060850 [[], [28]] -860
4060951 [[], [6]] -1514
4061027 [[6], []] 1515
4061303 [[], [6]] -1494
4061386 [[6], []] 1473
4061671 [[], [6]] -1474
4061755 [[6], []] 1513
4061845 [[], [6]] -1514
4062564 [[6], []] 1496
4063213 [[], [6]] -1516
4063277 [[6], []] 1530
4063518 [[], [6]] -1529
4063592 [[6], []] 1551
4063896 [[], [6]] -1452
4063977 [[6], []] 1513
4064232 [[], [6]] -1476
4064311 [[6], []] 1517
4064495 [[], [6]] -1479
4064570 [[6], []] 1515
4064832 [[], [6]] -1493
4064911 [[6], []] 1472
4065226 [[], [6]] -1491
4065304 [[29], []] 1578
4065542 [[], [6]] -1530
4065618 [[6], []] 1530
4065880 [[], [6]] -1474
4065959 [[6], []] 1493
4066165 [[], [6]] -1490
4066884 [[6], []] 1513
4067625 [[], [6]] -1471
4067688 [[6], []] 1493
4067962 [[], [6]] -1489
4068038 [[6], []] 1490
4068211 [[], [6]] -1528
4068283 [[6], []] 1527
4068576 [[], [6]] -1531
4068656 [[6], []] 1546
4068886 [[], [29]] -112
4068938 [[], [6]] -1527
4069021 [[6], []] 1493
4069279 [[], [6]] -1473
4069358 [[6], []] 1533
4069635 [[], [6]] -1471
4069718 [[6], []] 1494
4069988 [[], [6]] -1526
4070068 [[6], []] 1491
4070327 [[], [6]] -1506
4070407 [[6], []] 1509
4070545 [[], [6]] -1489
4070664 [[6], []] 1494
4070785 [[], [6]] -1471
4071564 [[6], []] 1510
4072307 [[], [6]] -1489
4072369 [[6], []] 1508
4072584 [[], [6]] -1512
4072652 [[6], []] 1509
4072935 [[], [6]] -1492
4073014 [[6], []] 1526
4073259 [[], [6]] -1489
4073338 [[6], []] 1524
4073618 [[], [6]] -1503
4073698 [[6], []] 1491
4073960 [[], [6]] -1473
4074216 [[], [6]] -1534
4074284 [[6], []] 1538
4074641 [[0], []] 4331
4074692 [[], [6]] -1486
4074775 [[6], []] 1485
4074965 [[], [0]] -5843
4075008 [[], [6]] -1508
4075080 [[6], []] 1499
4075260 [[], [28]] -800
4075369 [[], [6]] -1490
4075450 [[6], []] 1508
4075755 [[], [6]] -1489
4075838 [[6], []] 1502
4076199 [[], [6]] -1450
4077024 [[6], []] 1504
4077383 [[28], []] 10730
4077851 [[], [6]] -1467
4077920 [[6], []] 1532
4078230 [[], [6]] -1497
4078306 [[6], []] 1520
4078652 [[], [6]] -1553
4078734 [[6], []] -8465
4079003 [[], [6]] -1521
4079081 [[6], []] 1547
4079368 [[], [6]] -1547
4079445 [[6], []] 1527
4079764 [[], [6]] -1529
4079845 [[6], []] 1549
4080131 [[], [6]] -1545
4080208 [[6], []] 1554
4080443 [[], [6]] -1499
4080514 [[6], []] 1491
4080797 [[], [6]] -1517
4080871 [[6], []] 1497
4081221 [[], [6]] -1498
4081290 [[29], []] 91
4081641 [[], [6]] -1568
4081724 [[6], []] 1484
4082075 [[], [6]] -1476
4082156 [[6], []] 1541
4082522 [[], [6]] -1417
4082605 [[6], []] 1512
4082945 [[], [6]] -1292
4083028 [[6], []] 1515
4083681 [[], [6]] -1500
4083787 [[6], []] 1576
4084031 [[], [6]] -1520
4084111 [[6], []] 1548
4084412 [[], [6]] -1522
4084491 [[6], []] 1549
4084729 [[], [6]] -1552
4084806 [[6], []] 1558
4084884 [[], [29]] -128
4085098 [[], [6]] -1497
4085173 [[6], []] 1511
4085275 [[26], []] 314
4085366 [[13], []] 99
4085536 [[], [25]] 1527
4085606 [[12], []] 47
4085666 [[0], []] 4406
4085837 [[], [6]] -1501
4085916 [[6], []] 1501
4086218 [[], [6]] -1534
4086297 [[6], []] 1514
4086452 [[9], []] 126
4086620 [[], [6]] -1461
4086699 [[6], []] 1563
4086764 [[], [6]] -1516
4086830 [[], [9]] 636
4086904 [[13], []] 32
4086959 [[], [13]] -608
4087034 [[25], []] 59
4087192 [[], [25]] -653
4087247 [[9], []] 108
4087324 [[10], []] 1780
4087379 [[], [10]] -11690
4087426 [[], [28]] -79
4087479 [[], [0]] -60
4087719 [[8], []] -58
4087972 [[10], []] 1694
4088332 [[13], []] 36
4088454 [[], [13]] 32
4088621 [[], [12]] 50
4088872 [[16], []] 95
4088972 [[25], []] 123
4089025 [[], [9]] -305
4089335 [[], [26]] -315
4089412 [[9], []] 118
4089510 [[8], []] -37
4089564 [[], [9]] -154
4090194 [[], [29]] -68
4090292 [[], [28]] -583
4091568 [[29], []] 115
4091643 [[], [0]] -4507
4095146 [[], [29]] -74
4096873 [[29], []] 114
4097370 [[0], []] 4658
4097873 [[], [0]] -4582
4100459 [[], [29]] -94
4102376 [[29], []] 77
4105693 [[32], []] 1686
4105949 [[], [29]] -40
4107223 [[], [32]] -2442
4108004 [[29], []] 93
4110561 [[0], []] 4638
4110964 [[], [0]] -4505
4111250 [[32], []] 6196
4111593 [[], [29]] -72
4112877 [[], [32]] -2285
4113662 [[29], []] 94
4117234 [[], [29]] -112
4117469 [[32], []] 6385
4118369 [[], [32]] 8341
4119258 [[29], []] 64
4122846 [[], [29]] -83
4124865 [[29], []] 127
4126409 [[27], []] 181
4126552 [[11], []] 74
4126652 [[26], []] 279
4126694 [[], [9]] -185
4126754 [[10], []] 1871
4126828 [[], [10]] -1814
4127125 [[8], []] -29
4127219 [[13], []] -46
4127372 [[], [7]] -36
4127471 [[7], []] -36
4127621 [[], [7]] 36
4127817 [[], [12]] 67
4128039 [[], [26]] -321
4128096 [[], [9]] -110
4128459 [[], [29]] -10341
4128528 [[6], []] 1550
4128946 [[], [6]] -1570
4129025 [[6], []] 1563
4129809 [[], [6]] -1561
4129913 [[6], []] 1531
4130145 [[], [6]] -1458
4130220 [[6], []] 1482
4130281 [[29], []] 92
4130325 [[28], []] 0
4130400 [[8], []] -53
4130510 [[], [6]] -1578
4130583 [[6], []] 1490
4130801 [[], [8]] 129
4130937 [[], [6]] -1572
4131014 [[6], []] 1517
4131254 [[], [6]] -1495
4131323 [[6], []] 1578
4131508 [[8], []] 33
4131639 [[], [0]] 33
4131715 [[], [6]] -1552
4131792 [[6], []] 1522
4131907 [[22], []] -30
4132021 [[8], []] -30
4132119 [[6], []] 1704
4132230 [[8], []] 49
4132454 [[], [6]] -1528
4132529 [[6], []] 1568
4132707 [[], [28]] -10638
4132832 [[], [6]] -1490
4132910 [[6], []] 0
4132975 [[8], []] -21
4133109 [[], [29]] -61
4133152 [[8], []] -45
4133245 [[29], []] 377
4133449 [[8], []] 0
4133525 [[], [6]] -1495
4133603 [[6], []] 1539
4133671 [[8], []] 33
4133777 [[8], []] -40
4133859 [[], [6]] -1510
4133934 [[6], []] 1512
4134049 [[8], []] 0
4134166 [[0], []] 4656
4134257 [[6], []] 1525
4134453 [[], [29]] -43
4134535 [[8], []] -56
4134615 [[], [6]] -1516
4134783 [[10], []] 1826
4134842 [[], [10]] -1790
4135054 [[], [6]] -1549
4135134 [[6], []] 1580
4135484 [[], [6]] -1560
4135564 [[6], []] 1499
4135833 [[], [6]] -1549
4135970 [[10], []] 1766
4136222 [[], [28]] -11598
4136303 [[6], []] 2741
4136362 [[], [9]] -109
4136533 [[], [6]] -1660
4136612 [[6], []] 1558
4136890 [[], [6]] -1702
4136970 [[6], []] 1691
4137140 [[8], []] -22
4137231 [[], [6]] -1531
4137309 [[6], []] 1587
4137422 [[8], []] -111
4137514 [[13], []] -111
4137688 [[6], []] 1650
4137880 [[], [0]] -4481
4137956 [[8], []] 106
4138014 [[30], []] -40
4138075 [[28], []] 10891
4138243 [[], [6]] -1545
4138319 [[6], []] 1581
4138377 [[8], []] 42
4138566 [[], [6]] -1676
4138828 [[8], []] -52
4138902 [[6], []] 1480
4139141 [[8], []] -98
4139211 [[8], []] -101
4139326 [[6], []] 1574
4139625 [[], [6]] -12336
4139669 [[], [28]] -10910
4139953 [[], [6]] -1548
4140032 [[6], []] 1583
4140263 [[], [6]] -1556
4140339 [[6], []] 1558
4140587 [[], [6]] -1533
4140663 [[6], []] 1575
4140851 [[], [6]] -1517
4140924 [[6], []] 1554
4141157 [[], [6]] -1550
4141234 [[6], []] 1550
4141436 [[], [6]] -1512
4141511 [[6], []] 1528
4141770 [[], [6]] -1505
4141848 [[6], []] 1543
4142056 [[], [6]] -1507
4142128 [[28], []] 0
4142292 [[], [29]] -122
4142492 [[], [6]] -1521
4142577 [[6], []] 1546
4142665 [[], [22]] -150
4142851 [[], [6]] -1530
4142928 [[6], []] 1512
4142985 [[], [11]] -252
4143372 [[], [9]] -145
4143508 [[], [6]] -1571
4143583 [[6], []] 1523
4143728 [[], [0]] -4404
4143824 [[], [6]] -1502
4143901 [[6], []] 1552
4144227 [[], [6]] -1522
4144312 [[6], []] 1542
4144553 [[], [28]] -857
4144675 [[6], []] 1499
4144897 [[], [6]] -1478
4144976 [[6], []] 1518
4145207 [[], [6]] -1476
4145285 [[6], []] 1514
4145484 [[], [6]] -1497
4145604 [[6], []] 1513
4145724 [[], [6]] -1515
4146144 [[6], []] 1502
4146264 [[], [6]] -1500
4146624 [[6], []] 1499
4146885 [[], [29]] -97
4147338 [[], [6]] -1478
4147407 [[6], []] 1496
4147658 [[], [6]] -1498
4147739 [[6], []] 1520
4148091 [[], [6]] -1501
4148189 [[6], []] 1519
4148301 [[29], []] 93
4148403 [[], [6]] -1482
4148485 [[6], []] 1519
4148737 [[], [6]] -1500
4148821 [[6], []] 1499
4149051 [[], [6]] -1498
4149129 [[6], []] 1520
4149386 [[], [6]] -1500
4149468 [[6], []] 1501
4149564 [[], [6]] -1485
4150404 [[6], []] 1536
4151121 [[], [6]] -1501
4151182 [[6], []] 1499
4151458 [[], [6]] -1517
4151538 [[6], []] 1499
4151833 [[], [6]] -1496
4151896 [[], [29]] -76
4152157 [[], [6]] -1496
4152237 [[6], []] 1517
4152442 [[], [6]] -1498
4152520 [[6], []] 1521
4152739 [[], [6]] -1493
4152816 [[6], []] 1498
4153074 [[], [6]] -1498
4153156 [[6], []] 1498
4153315 [[], [6]] -1513
4153388 [[6], []] 1536
4153537 [[29], []] 97
4153658 [[], [6]] -1479
4153739 [[6], []] 1518
4153952 [[], [6]] -1498
4154030 [[6], []] 1499
4154082 [[28], []] 10835
4154339 [[], [6]] -1505
4154425 [[6], []] 1503
4154704 [[], [6]] -1502
4154785 [[6], []] 1579
4155035 [[], [6]] -1586
4155112 [[6], []] 1498
4155195 [[0], []] 4404
4155383 [[], [28]] -652
4155481 [[6], []] 1549
4155767 [[], [6]] -1491
4155851 [[6], []] 1530
4156013 [[], [6]] -1477
4156944 [[6], []] 1494
4157117 [[], [29]] -109
4157386 [[28], []] 10784
4157684 [[], [6]] -1539
4157744 [[6], []] 1567
4158040 [[], [6]] -1530
4158118 [[6], []] 1512
4158425 [[], [6]] -1529
4158508 [[6], []] 1537
4158717 [[], [28]] -3984
4158879 [[], [6]] -1475
4158969 [[6], []] 1512
4159104 [[29], []] 110
4159197 [[], [6]] -1491
4159284 [[6], []] 1512
4160184 [[], [6]] -1490
4160304 [[6], []] 1527
4160424 [[], [6]] -1492
4160511 [[28], []] 10755
4161264 [[6], []] 1539
4162037 [[], [6]] -11349
4162107 [[6], []] 1495
4162310 [[], [6]] -1533
4162385 [[6], []] 1552
4162598 [[], [6]] -1490
4162674 [[6], []] 1490
4162898 [[], [6]] -1493
4162976 [[6], []] 1511
4163214 [[], [6]] -1498
4163295 [[6], []] 1515
4163517 [[28], []] 10896
4163620 [[6], []] 1524
4163921 [[], [6]] -1530
4164005 [[6], []] 1511
4164260 [[], [6]] -1463
4164338 [[6], []] 1603
4164595 [[], [6]] -1486
4164672 [[6], []] 1535
4164924 [[], [6]] -11468
4165001 [[6], []] 1482
4165212 [[], [6]] -1461
4165288 [[6], []] 1516
4165529 [[], [6]] -1446
4165608 [[6], []] 1510
4165812 [[], [6]] -1551
4165884 [[6], []] 1535
4166166 [[], [6]] -1531
4166244 [[6], []] 1532
4166497 [[], [6]] -1575
4166577 [[6], []] 1604
4166839 [[], [6]] -1540
4166918 [[6], []] 1579
4167178 [[], [6]] -1538
4167257 [[6], []] 1520
4167470 [[], [6]] -1556
4167546 [[6], []] 1548
4167811 [[], [6]] -1527
4167892 [[6], []] 1495
4168195 [[], [29]] -62
4168313 [[], [6]] -1503
4168407 [[6], []] 1563
4168647 [[], [6]] -1501
4168726 [[6], []] 1486
4169016 [[], [6]] -1528
4169098 [[6], []] 1492
4169324 [[], [6]] -1527
4169400 [[6], []] 1551
4169701 [[], [6]] -1544
4169780 [[6], []] 1530
4170024 [[], [6]] -1455
4170141 [[29], []] 73
4170744 [[6], []] 1510
4171467 [[], [6]] -1496
4171530 [[6], []] 1557
4171690 [[26], []] 335
4171784 [[25], []] 47
4171848 [[], [6]] -1562
4171903 [[], [25]] -36
4171997 [[13], []] -36
4172076 [[], [13]] -69
4172178 [[12], []] 33
4172284 [[6], []] 1519
4172528 [[], [6]] -1563
4172606 [[6], []] 1539
4172773 [[], [12]] -50
4172876 [[], [6]] -1530
4172957 [[6], []] 1516
4173108 [[], [6]] -1460
4173227 [[16], []] 144
4173307 [[], [25]] 50
4173361 [[13], []] -63
4173456 [[8], []] -36
4173524 [[], [10]] -1747
4173714 [[], [29]] 126
4173937 [[8], []] 72
4174055 [[10], []] 156
4174128 [[12], []] -53
4174177 [[], [10]] -1559
4174402 [[12], []] 94
4174503 [[], [26]] -261
4174963 [[26], []] 280
4175017 [[25], []] -31
4175300 [[9], []] 121
4175588 [[8], []] 58
4175671 [[], [26]] -298
4175833 [[13], []] -62
4175943 [[], [13]] -120
4176310 [[], [0]] -80
4177218 [[], [28]] -10579
4177956 [[], [0]] -4458
4178637 [[], [29]] -74
4180153 [[29], []] 111
4183738 [[], [29]] -93
4185207 [[0], []] 4592
4185576 [[29], []] 74
4185694 [[], [0]] -4434
4189173 [[], [29]] -73
4191025 [[29], []] 95
4194603 [[], [29]] -76
4196614 [[29], []] 95
4200212 [[], [29]] -94
4201096 [[32], []] 2753
4201291 [[0], []] 4633
4201676 [[], [0]] -4496
4201933 [[], [32]] -1574
4202256 [[29], []] 112
4203918 [[32], []] 1174
4205828 [[], [29]] -105
4207917 [[29], []] 111
4209711 [[], [32]] -2695
4211500 [[], [29]] -91
4212297 [[32], []] 6570
4212489 [[27], []] 162
4212560 [[26], []] 342
4212622 [[12], []] 40
4212795 [[10], []] 2047
4212886 [[], [10]] -1939
4213066 [[24], []] 1380
4213163 [[], [24]] -1402
4213217 [[], [24]] -845
4213299 [[], [12]] 0
4213472 [[29], []] 91
4213558 [[], [9]] -79
4213811 [[24], []] 736
4213895 [[], [24]] 32
4214080 [[8], []] -37
4214248 [[], [32]] -772
4215146 [[9], []] 110
4215232 [[], [9]] -147
4215343 [[], [0]] -4439
4215715 [[16], []] 0
4215959 [[32], []] 5765
4216236 [[13], []] 33
4216361 [[8], []] 46
4216574 [[0], []] 4367
4216876 [[], [8]] -63
4217024 [[], [8]] 32
4217184 [[8], []] -31
4217232 [[8], []] -50
4217330 [[10], []] 1727
4217379 [[8], []] -36
4217450 [[], [10]] -1650
4217598 [[], [10]] -71
4217646 [[8], []] -50
4217911 [[8], []] -63
4218148 [[], [0]] -4241
4218427 [[8], []] -28
4218484 [[29], []] 91
4218840 [[8], []] 56
4219227 [[8], []] 0
4219362 [[8], []] 46
4219847 [[8], []] 29
4219915 [[8], []] -57
4219963 [[], [29]] 57
4220058 [[8], []] 46
4220265 [[8], []] 28
4220400 [[30], []] 64
4220625 [[4], []] -36
4220716 [[], [26]] -320
4221112 [[8], []] -46
4221156 [[0], []] 4267
4221335 [[], [29]] -330
4221574 [[], [0]] -2037
4221959 [[26], []] 322
4224544 [[], [29]] -136
4225665 [[29], []] 81
4226609 [[9], []] 101
4226934 [[8], []] 47
4227025 [[8], []] 0
4228113 [[8], []] -38
4228226 [[26], []] 271
4228317 [[0], []] 4389
4228403 [[25], []] -50
4228558 [[10], []] 239
4228619 [[], [10]] -1703
4228881 [[], [28]] -8856
4229114 [[26], []] 277
4229213 [[], [13]] 0
4229380 [[], [25]] 168
4229544 [[], [26]] -295
4229591 [[], [27]] -167
4229860 [[0], []] 4562
4230221 [[29], []] 87
4230287 [[], [0]] -4497
4230628 [[], [6]] -1480
4230688 [[6], []] 1518
4230762 [[32], []] 6067
4230918 [[], [32]] -2129
4231035 [[6], []] 1516
4231339 [[], [6]] -1477
4231422 [[6], []] 1511
4231701 [[], [6]] -1477
4231785 [[6], []] 1515
4231992 [[], [6]] -1482
4232070 [[6], []] 1518
4232315 [[], [6]] -1483
4232399 [[6], []] 1484
4232670 [[], [6]] -1477
4232756 [[6], []] 1479
4232964 [[], [6]] -1492
4233044 [[6], []] 1515
4233314 [[], [6]] -1474
4233399 [[6], []] 1495
4233690 [[], [6]] -1481
4233781 [[6], []] 1519
4233924 [[], [6]] -1481
4234763 [[6], []] 1500
4234917 [[29], []] 111
4235494 [[], [6]] -1481
4235560 [[6], []] 1501
4235836 [[], [6]] -1474
4235917 [[6], []] 1494
4236184 [[], [6]] -1473
4236267 [[6], []] 1494
4236504 [[], [6]] -1477
4237343 [[6], []] 1499
4238074 [[], [6]] -1476
4238139 [[6], []] 1496
4238415 [[], [6]] -1495
4238497 [[6], []] 1495
4238664 [[], [6]] -1477
4239683 [[6], []] 1478
4240010 [[29], []] 96
4240457 [[], [6]] -1481
4240519 [[6], []] 1498
4240786 [[], [6]] -1475
4240866 [[6], []] 1514
4241091 [[], [6]] -1473
4242203 [[6], []] 1516
4242968 [[], [6]] -1477
4243029 [[6], []] 1496
4243233 [[], [6]] -1476
4243308 [[6], []] 1498
4243532 [[], [6]] -1477
4243608 [[], [29]] 0
4243650 [[0], []] 4553
4243764 [[], [6]] -1534
4243961 [[], [0]] -4471
4244963 [[6], []] 1493
4245294 [[29], []] 112
4245788 [[], [6]] -1495
4245854 [[6], []] 1494
4246087 [[], [6]] -1474
4246166 [[6], []] 1474
4246401 [[], [6]] -1474
4247543 [[6], []] 1514
4248291 [[], [6]] -1472
4248351 [[6], []] 1490
4248551 [[], [6]] -1473
4248622 [[6], []] 1489
4248858 [[], [6]] -1489
4249044 [[], [6]] -1453
4250243 [[6], []] 1487
4250705 [[29], []] 93
4251062 [[], [6]] -1448
4251130 [[6], []] 1483
4251381 [[], [6]] -1469
4251459 [[6], []] 1486
4251639 [[], [6]] -1453
4251712 [[6], []] 1487
4251804 [[], [6]] -797
4252943 [[6], []] 1519
4253763 [[], [6]] -1454
4253829 [[6], []] 1500
4254074 [[], [6]] -1517
4254153 [[6], []] 1524
4254292 [[], [29]] -111
4254397 [[], [6]] -1468
4255229 [[], [32]] -2292
4255643 [[6], []] 1510
4256292 [[29], []] 93
4256379 [[], [6]] -1456
4256437 [[6], []] 1492
4256697 [[], [6]] -1476
4256773 [[6], []] 1490
4256883 [[32], []] 1000
4257019 [[], [6]] -1437
4257100 [[6], []] 1525
4257264 [[], [6]] -1440
4258075 [[9], []] 135
4258162 [[13], []] -21
4258242 [[], [13]] -22
4258341 [[], [25]] 34
4258451 [[0], []] 4428
4258523 [[6], []] 1558
4258833 [[], [32]] -2265
4259230 [[], [12]] 0
4259350 [[9], []] 92
4259413 [[], [6]] -1568
4259506 [[25], []] 22
4259591 [[], [25]] -23
4259709 [[10], []] 1923
4259768 [[], [10]] -1943
4259877 [[], [29]] -678
4260182 [[16], []] 74
4260399 [[], [13]] 597
4260541 [[25], []] 29
4260633 [[], [25]] -1681
4260679 [[12], []] -1080
4260962 [[], [12]] 0
4261061 [[10], []] 1896
4261202 [[], [10]] -1875
4261299 [[], [26]] -213
4261476 [[29], []] 92
4261520 [[26], []] 455
4261626 [[22], []] 188
4261981 [[25], []] -55
4262044 [[], [32]] -1560
4262111 [[], [22]] -143
4262338 [[], [26]] -449
4262383 [[], [9]] -210
4262569 [[9], []] 92
4263788 [[32], []] 5775
4264219 [[], [32]] -707
4265068 [[], [29]] -55
4265613 [[], [0]] -4424
4266655 [[29], []] 113
4269581 [[], [32]] -663
4270228 [[], [29]] -74
4271761 [[0], []] 4645
4272079 [[29], []] 61
4272244 [[], [0]] -4532
4273130 [[32], []] 1090
4273669 [[], [32]] 0
4275660 [[], [29]] -115
4278966 [[29], []] 37
4281303 [[], [29]] -56
4283313 [[29], []] 92
4285452 [[0], []] 4491
4285858 [[], [0]] -4442
4286886 [[], [29]] -114
4288893 [[29], []] 91
4290324 [[32], []] 6055
4292466 [[], [29]] -74
4294497 [[29], []] 93
4296983 [[], [32]] -2812
4298079 [[], [29]] -93
4298286 [[9], []] 94
4298559 [[11], []] 237
4298614 [[8], []] 0
4298676 [[], [10]] -2038
4298935 [[26], []] 308
4298984 [[], [9]] -93
4299057 [[32], []] 1355
4299141 [[13], []] 89
4299185 [[], [13]] 0
4299286 [[10], []] 2002
4299444 [[12], []] 37
4299842 [[], [12]] -49
4299980 [[29], []] 96
4300217 [[9], []] 123
4300314 [[27], []] 175
4300411 [[], [26]] -296
4300482 [[], [26]] -296
4300767 [[], [32]] 44
4301646 [[], [0]] -4503
4302087 [[26], []] 294
4302709 [[13], []] 21
4302810 [[25], []] 0
4302897 [[], [26]] -330
4303002 [[9], []] 113
4303126 [[], [26]] -292
4303217 [[], [10]] -1993
4303573 [[], [29]] -74
4305134 [[32], []] -38
4305263 [[0], []] 4509
4305315 [[22], []] 207
4305528 [[], [8]] 62
4305619 [[8], []] 44
4305835 [[8], []] 80
4306105 [[], [8]] -44
4306266 [[8], []] -26
4306401 [[8], []] -26
4306548 [[8], []] 0
4306648 [[8], []] -37
4306691 [[], [0]] -4417
4306761 [[8], []] 44
4307293 [[26], []] 324
4307440 [[8], []] 32
4307560 [[8], []] -33
4307786 [[8], []] -32
4307960 [[8], []] 0
4308107 [[8], []] -59
4308408 [[8], []] -37
4308497 [[8], []] 51
4308672 [[8], []] 23
4308837 [[0], []] 4516
4308944 [[], [29]] -103
4309078 [[29], []] 372
4309239 [[], [0]] -4453
4310314 [[], [29]] -401
4310521 [[10], []] 1991
4310871 [[10], []] 1892
4310933 [[], [10]] -1886
4311821 [[8], []] 175
4311967 [[8], []] -60
4312061 [[], [8]] 42
4312262 [[9], []] 1379
4312654 [[], [0]] -4302
4312790 [[13], []] 36
4312927 [[], [25]] 36
4313315 [[], [32]] -2480
4313449 [[], [29]] -183
4313603 [[], [13]] 38
4313645 [[], [25]] -40
4313743 [[], [26]] -303
4313983 [[], [22]] -184
4314129 [[13], []] 0
4314260 [[], [26]] -317
4314318 [[14], []] -23
4314407 [[], [3]] -42
4314556 [[29], []] 112
4315026 [[], [6]] -1495
4315094 [[6], []] 1514
4315163 [[], [6]] -1478
4315478 [[32], []] 6185
4317320 [[], [32]] -37
4317502 [[6], []] 1374
4318126 [[], [29]] -96
4318382 [[], [6]] -1485
4319129 [[29], []] 95
4406842 [[6], []] 1523
4408102 [[], [6]] -1490
4409182 [[6], []] 1512
4409538 [[], [29]] -114
4410682 [[], [6]] -1477
4410793 [[29], []] 92
4411882 [[6], []] 1516
4413322 [[], [6]] -1492
4413686 [[], [0]] -4424
4414370 [[], [29]] -73
4414642 [[6], []] 1493
4416022 [[29], []] 75
4416142 [[], [6]] -1454
4417582 [[6], []] 1516
4418902 [[], [6]] -1497
4419623 [[], [29]] -75
4420342 [[6], []] 1531
4421512 [[29], []] 99
4421722 [[], [6]] -1470
4421922 [[32], []] 1273
4423102 [[6], []] 1527
4423873 [[], [32]] -213
4424302 [[], [6]] -1473
4424427 [[32], []] 1400
4425083 [[], [29]] -74
4425802 [[6], []] 1493
4426882 [[], [6]] -1427
4426962 [[29], []] 111
4428022 [[6], []] 2258
4429222 [[], [6]] -1477
4430302 [[6], []] 1468
4430546 [[], [29]] -70
4430990 [[26], []] 289
4431046 [[13], []] -36
4431126 [[], [13]] -42
4431207 [[25], []] -42
4431252 [[], [25]] -42
4431376 [[], [13]] -101
4431427 [[13], []] -53
4431500 [[], [13]] 25
4432122 [[], [12]] 25
4432256 [[9], []] 143
4432319 [[17], []] 448
4432401 [[], [17]] -410
4432470 [[29], []] 66
4432580 [[13], []] 36
4432681 [[], [25]] -44
4432811 [[10], []] 1963
4432871 [[], [10]] -1891
4432936 [[8], []] 22
4433065 [[], [32]] -2633
4433273 [[8], []] -23
4433389 [[], [9]] -111
4433487 [[10], []] 1924
4433546 [[], [10]] -1890
4433693 [[], [10]] -1831
4433790 [[9], []] 96
4434039 [[13], []] -36
4434146 [[], [13]] -36
4434217 [[16], []] 148
4434547 [[], [12]] -24
4434807 [[], [9]] -110
4434863 [[9], []] 111
4435233 [[25], []] 24
4435327 [[8], []] -42
4435547 [[], [26]] -327
4435623 [[], [16]] -88
4436068 [[], [29]] -70
4437064 [[], [0]] -4502
4437378 [[29], []] 91
4440961 [[], [29]] -74
4442618 [[29], []] 130
4443397 [[0], []] 4567
4443899 [[], [0]] -4445
4446210 [[], [29]] -93
4448066 [[29], []] 95
4451643 [[], [29]] -92
4453655 [[29], []] 113
4455509 [[32], []] 5720
4457256 [[], [29]] -94
4457581 [[], [32]] 0
4457992 [[0], []] 4570
4458381 [[], [0]] -4445
4459251 [[29], []] 111
4462837 [[], [29]] -74
4463134 [[32], []] 1168
4464921 [[29], []] 79
4468510 [[], [29]] -88
4470451 [[29], []] 123
4471373 [[], [32]] -2686
4471570 [[27], []] 0
4471616 [[9], []] 294
4471676 [[28], []] 189
4471755 [[26], []] 395
4471937 [[10], []] 1990
4471979 [[], [10]] -1980
4472136 [[21], []] -59
4472206 [[], [19]] 102
4472654 [[26], []] 2142
4472737 [[], [26]] -2093
4472817 [[], [0]] -4405
4474033 [[], [29]] -206
4475152 [[4], []] 185
4475365 [[], [21]] -59
4475669 [[29], []] 147
4476575 [[14], []] 231
4476716 [[31], []] 5103
4477289 [[26], []] 311
4477333 [[9], []] -119
4477383 [[], [26]] -4831
4477560 [[0], []] 4894
4477729 [[], [4]] -204
4477942 [[], [0]] 4879
4478793 [[], [32]] 2258
4479252 [[], [29]] 5085
4479462 [[9], []] -446
4479604 [[26], []] 331
4479843 [[], [26]] -292
4479920 [[], [31]] -443
4480006 [[], [9]] -133
4480055 [[9], []] 130
4480455 [[31], []] 5439
4480580 [[26], []] 331
4480669 [[], [26]] -312
4480758 [[29], []] -4449
4481048 [[], [14]] 4998
4482602 [[], [31]] -466
4484354 [[], [29]] -58
4485892 [[29], []] 96
4489486 [[], [29]] -56
4491078 [[29], []] 90
4492798 [[], [29]] 0
0 waterheater2:basement [4169, -4106, 4265, -583, 202, -4209, 4210, -4151, 4296, -4202, 4157, 4340, 4167, 4375, -4543, 4508, -4354, -4340, 4391, 3342, -4373, -4259, -4497, 4299, -4307, 82, -159, 4609, -4562, 4513, -4474, 4534, -2234, 4378, -4275, 4563, -4524, 4642, -4312, 4602, -37, 287, -4484, 4551, -4456, -5904, -4397, 4375, -4222, -4335, -4332, -4735, 4331, -5843, 4406, -60, -4507, 4658, -4582, 4638, -4505, 33, 4656, -4481, -4404, 4404, -80, -4458, 4592, -4434, 4633, -4496, -4439, 4367, -4241, 4267, -2037, 4389, 4562, -4497, 4553, -4471, 4428, -4424, 4645, -4532, 4491, -4442, -4503, 4509, -4417, 4516, -4453, -4302, -4424, -4502, 4567, -4445, 4570, -4445, -4405, 4894, 4879]
1 l004:kitchen [0]
3 l021:upstairs [101, 68, 121, -62, 94, -42]
4 l012:nursery [-88, -87, -55, -106, 130, -36, 185, -204]
6 humidifier1:upstairs [-1433, 1469, -1469, 1471, -1467, 1440, -1476, 1450, -1431, 1325, -1420, 1450, -1419, 1467, -1477, 1471, -1573, 1624, -1464, 1473, -1445, 1458, 1458, -1562, 1513, -1551, 1441, -1476, 1428, -1451, 1394, 1417, -1445, 1448, 2558, 1458, 1475, -1505, 1548, -1526, 1585, -1455, 1560, 1523, -1494, 1557, -1543, 1551, -1491, -1509, -1471, 1511, -1489, 1594, -1521, 1571, -1546, 1565, -1513, 1535, -1532, 1548, -1524, 1567, -12185, 1495, -1505, 1560, -1461, -8778, -1501, -1517, 1586, -11234, 1544, -1459, 1430, -1487, 1556, -1482, 1473, -1455, 1496, -1477, 1496, -1475, 1494, -1476, 1496, -1474, 1494, -1494, 1477, -1478, 1496, -1481, 1480, -1461, 1499, -1482, 1501, -1479, 1498, -1505, 1504, -1498, 1497, -1474, 1497, -1478, 1496, -1457, 1475, -1472, -1485, 1519, -1473, 1496, -1494, 1514, -1463, 1530, 1492, -1474, 1492, -1474, 1490, -1490, 1475, -1453, 1510, -1497, 1497, -1510, 1532, -1469, 1525, -1471, 1512, -1478, 1491, -1494, 1501, -1469, 1505, -1298, 1538, 9705, 6444, -1471, 1462, -1487, 1532, -1475, 1491, -1492, 1508, -1469, 1471, -1468, 1471, -1488, 1481, -1457, 1491, -1473, 1476, -1422, 1532, -1499, 1545, -1471, 1492, -1483, 1516, -1507, 1495, -1511, 1529, -1504, 1483, -1509, 1531, -1495, 1520, -1463, 1487, -1535, 1558, -1495, 1510, -1516, 1532, -1499, 1494, -1491, 1495, -1456, 1516, -1536, 1526, -1552, 1511, -1511, 1460, -1497, 1534, -1494, 1514, -1474, 1533, -1499, 1519, -1480, 1470, -1524, 1534, -1474, 1534, -47, 1549, -1480, 1436, -1507, 1507, -1516, 1524, -1505, 1498, -1462, 1498, -1494, 1516, -1530, 1558, 1509, 1579, -1460, 1508, -1549, 1503, -1515, 1526, -1528, -8533, -1457, 1471, -1455, 1513, -1488, 1508, -1502, 1541, -1500, 1516, -1469, 1482, -1565, 1567, -1429, 1438, -1521, 1508, -1491, 1512, -1494, 1539, -1500, 1501, -1531, 1513, -1479, 1480, 1518, -1549, -1501, 1549, -1473, 1532, -1530, 1586, -1472, 1520, -1507, 1507, -1501, 1530, -1521, 1513, -1507, 1567, 1543, -1491, -1512, 1520, -1548, 1540, -1516, 54, -1525, 1635, -1606, 1600, -1583, 1476, -1523, 1575, -1623, 1541, 1585, 1514, -1347, 1510, -1434, 1528, -1561, 1543, -1479, 1475, -1458, 1497, -1475, 1491, -1439, -1514, 1515, -1494, 1473, -1474, 1513, -1514, 1496, -1516, 1530, -1529, 1551, -1452, 1513, -1476, 1517, -1479, 1515, -1493, 1472, -1491, -1530, 1530, -1474, 1493, -1490, 1513, -1471, 1493, -1489, 1490, -1528, 1527, -1531, 1546, -1527, 1493, -1473, 1533, -1471, 1494, -1526, 1491, -1506, 1509, -1489, 1494, -1471, 1510, -1489, 1508, -1512, 1509, -1492, 1526, -1489, 1524, -1503, 1491, -1473, -1534, 1538, -1486, 1485, -1508, 1499, -1490, 1508, -1489, 1502, -1450, 1504, -1467, 1532, -1497, 1520, -1553, -8465, -1521, 1547, -1547, 1527, -1529, 1549, -1545, 1554, -1499, 1491, -1517, 1497, -1498, -1568, 1484, -1476, 1541, -1417, 1512, -1292, 1515, -1500, 1576, -1520, 1548, -1522, 1549, -1552, 1558, -1497, 1511, -1501, 1501, -1534, 1514, -1461, 1563, -1516, 1550, -1570, 1563, -1561, 1531, -1458, 1482, -1578, 1490, -1572, 1517, -1495, 1578, -1552, 1522, 1704, -1528, 1568, -1490, 0, -1495, 1539, -1510, 1512, 1525, -1516, -1549, 1580, -1560, 1499, -1549, 2741, -1660, 1558, -1702, 1691, -1531, 1587, 1650, -1545, 1581, -1676, 1480, 1574, -12336, -1548, 1583, -1556, 1558, -1533, 1575, -1517, 1554, -1550, 1550, -1512, 1528, -1505, 1543, -1507, -1521, 1546, -1530, 1512, -1571, 1523, -1502, 1552, -1522, 1542, 1499, -1478, 1518, -1476, 1514, -1497, 1513, -1515, 1502, -1500, 1499, -1478, 1496, -1498, 1520, -1501, 1519, -1482, 1519, -1500, 1499, -1498, 1520, -1500, 1501, -1485, 1536, -1501, 1499, -1517, 1499, -1496, -1496, 1517, -1498, 1521, -1493, 1498, -1498, 1498, -1513, 1536, -1479, 1518, -1498, 1499, -1505, 1503, -1502, 1579, -1586, 1498, 1549, -1491, 1530, -1477, 1494, -1539, 1567, -1530, 1512, -1529, 1537, -1475, 1512, -1491, 1512, -1490, 1527, -1492, 1539, -11349, 1495, -1533, 1552, -1490, 1490, -1493, 1511, -1498, 1515, 1524, -1530, 1511, -1463, 1603, -1486, 1535, -11468, 1482, -1461, 1516, -1446, 1510, -1551, 1535, -1531, 1532, -1575, 1604, -1540, 1579, -1538, 1520, -1556, 1548, -1527, 1495, -1503, 1563, -1501, 1486, -1528, 1492, -1527, 1551, -1544, 1530, -1455, 1510, -1496, 1557, -1562, 1519, -1563, 1539, -1530, 1516, -1460, -1480, 1518, 1516, -1477, 1511, -1477, 1515, -1482, 1518, -1483, 1484, -1477, 1479, -1492, 1515, -1474, 1495, -1481, 1519, -1481, 1500, -1481, 1501, -1474, 1494, -1473, 1494, -1477, 1499, -1476, 1496, -1495, 1495, -1477, 1478, -1481, 1498, -1475, 1514, -1473, 1516, -1477, 1496, -1476, 1498, -1477, -1534, 1493, -1495, 1494, -1474, 1474, -1474, 1514, -1472, 1490, -1473, 1489, -1489, -1453, 1487, -1448, 1483, -1469, 1486, -1453, 1487, -797, 1519, -1454, 1500, -1517, 1524, -1468, 1510, -1456, 1492, -1476, 1490, -1437, 1525, -1440, 1558, -1568, -1495, 1514, -1478, 1374, -1485, 1523, -1490, 1512, -1477, 1516, -1492, 1493, -1454, 1516, -1497, 1531, -1470, 1527, -1473, 1493, -1427, 2258, -1477, 1468]
7 uptoilet:upstairs [-149, 47, 30, -29, -146, 0, 55, -36, -55, -64, -77, -66, 75, 72, 36, -41, 40, -38, -36, -36, 36]
8 kitchensink:kitchen [-48, -43, 0, -46, -28, -80, 62, 141, -31, 57, -47, -185, 46, 46, 33, -49, 29, 29, -35, -31, 0, -43, 39, 0, 72, 41, 0, -21, 0, 31, 0, 36, 66, 0, 0, 0, -65, -48, -48, 0, -29, -29, -40, 68, -37, 29, 37, 36, -51, -28, -22, -36, 36, -36, 58, 30, 39, -26, 28, 28, -65, -36, 37, -24, -35, -63, -72, 54, 0, -63, -21, -21, -36, 0, 0, 21, 0, -45, 0, 0, 0, -38, 76, 0, 0, 0, 27, -51, -92, 0, -131, 61, -47, 52, 59, 30, 0, -29, -33, 55, 22, -26, -58, -37, -29, -53, 129, 33, -30, 49, -21, -45, 0, 33, -40, 0, -56, -22, -111, 106, 42, -52, -98, -101, -36, 72, 58, -37, 46, -63, 32, -31, -50, -36, -50, -63, -28, 56, 0, 46, 29, -57, 46, 28, -46, 47, 0, -38, 0, 62, 44, 80, -44, -26, -26, 0, -37, 44, 32, -33, -32, 0, -59, -37, 51, 23, 175, -60, 42, 22, -23, -42]
9 l011:bedroom [212, 107, 93, -91, -120, 128, 94, 114, -111, 136, -109, -132, 197, -91, -161, -117, 0, -109, 494, 155, -165, 94, 114, -74, 118, -132, 110, 126, 636, 108, -305, 118, -154, -185, -110, -109, -145, 121, -79, 110, -147, 101, 135, 92, -210, 92, 94, -93, 123, 113, 1379, 143, -111, 96, -110, 111, 294, -119, -446, -133, 130]
10 microwave:kitchen [-1540, 1685, -40, 1765, 1656, -1669, -41, 1732, -1614, -1816, 2025, 2172, -1997, 2015, -1966, -1733, 1730, 1794, -1794, 2051, -1949, 1780, -11690, 1694, 1871, -1814, 1826, -1790, 1766, -1747, 156, -1559, 2047, -1939, 1727, -1650, -71, 239, -1703, 1923, -1943, 1896, -1875, -2038, 2002, -1993, 1991, 1892, -1886, 1963, -1891, 1924, -1890, -1831, 1990, -1980]
11 l002:kitchen [252, -11017, 74, -252, 237]
12 shower:bathroom [-38, 48, -303, -54, 30, -68, 0, -28, 61, 0, 47, 50, 67, 33, -50, -53, 94, 40, 0, 0, -1080, 0, 37, -49, 25, -24]
13 downtoilet:bathroom [-35, -26, 485, -35, -26, -25, 40, 21, 5052, 40, 47, 59, 57, 0, -23, 23, -634, -42, 50, 0, 53, -26, -28, 99, 32, -608, 36, 32, -46, -111, -36, -69, -63, -62, -120, 33, 0, -21, -22, 597, 89, 0, 21, 36, 38, 0, -36, -42, -101, -53, 25, 36, -36, -36]
14 l009:diningroom [184, 133, 183, -166, -23, 231, 4998]
15 upsink:upstairs [0]
16 l010:hallway [92, -82, 0, -9975, 126, 95, 144, 0, 74, 148, -88]
17 hairdryer:bathroom [448, -410]
19 l013:mudroom [102]
21 washingmachine:basement [-59, -59]
22 l019:kitchen [-328, 141, -10750, 95, 182, -30, -150, 188, -143, 207, -184]
23 l018:livingroom [55, 367]
24 toaster:kitchen [1380, -1402, -845, 736, 32]
25 downsink:bathroom [-49, 66, -30, 40, 35, 0, -36, 40, -84, -26, -38, 0, 49, -31, 0, 0, 1527, 59, -653, 123, 47, -36, 50, -31, -50, 168, 34, 22, -23, 29, -1681, -55, 0, 36, -40, -42, -42, -44, 24]
26 l007:bathroom [300, -307, 274, -308, 282, -177, 302, 280, 262, 303, -257, 345, -283, 531, 0, 0, -297, 301, -278, 294, -346, -269, -295, 314, -315, 279, -321, 335, -261, 280, -298, 342, -320, 322, 271, 277, -295, -213, 455, -449, 308, -296, -296, 294, -330, -292, 324, -303, -317, 289, -327, 395, 2142, -2093, 311, -4831, 331, -292, 331, -312]
27 l014:livingroom [158, -157, 167, -146, 181, 162, -167, 175, 0]
28 heatingindoorunit:house [-36, 5118, -2104, 63, -2119, 10287, -10250, 10286, -4840, 10329, -964, 10551, -791, 8795, -8086, 10447, -824, 10888, -59, 10899, -800, 10837, -806, 10863, -785, 10811, -813, -743, -918, -838, -10566, -9992, -860, -800, 10730, -79, -583, 0, -10638, -11598, 10891, -10910, 0, -857, 10835, -652, 10784, -3984, 10755, 10896, -10579, -8856, 189]
29 fridge:kitchen [-107, 89, -108, 117, -63, 364, -365, 178, -284, 89, -188, 99, -99, 90, -272, -72, 108, -90, -72, 126, 54, 92, -82, 90, -88, 414, -71, 78, -72, 370, -47, -199, 129, -95, 95, -168, 94, -95, 76, -73, 75, -91, 51, -103, 92, -55, 113, -76, 110, -65, 64, 100, 79, -104, 84, 94, -136, -131, 118, 40, -58, -390, 214, -139, 80, 140, 89, -60, -92, 96, -56, 93, -112, 111, -70, 75, -112, 149, 49, -50, 77, -113, 112, -61, 111, 74, -349, 183, -198, 133, -120, -103, -81, 130, 1578, -112, 91, -128, -68, 115, -74, 114, -94, 77, -40, 93, -72, 94, -112, 64, -83, 127, -10341, 92, -61, 377, -43, -122, -97, 93, -76, 97, -109, 110, -62, 73, 126, -74, 111, -93, 74, -73, 95, -76, 95, -94, 112, -105, 111, -91, 91, 91, 57, -330, -136, 81, 87, 111, 96, 0, 112, 93, -111, 93, -678, 92, -55, 113, -74, 61, -115, 37, -56, 92, -114, 91, -74, 93, -93, 96, -74, -103, 372, -401, -183, 112, -96, 95, -114, 92, -73, 75, -75, 99, -74, 111, -70, 66, -70, 91, -74, 130, -93, 95, -92, 113, -94, 111, -74, 79, -88, 123, -206, 147, 5085, -4449, -58, 96, -56, 90, 0]
30 l006:kitchen [54, -40, 64]
31 dryer:basement [5103, -443, 5439, -466]
32 heatingoutdoorunit:house [7467, 1822, 7762, 5207, -2471, 6542, 7921, 37, 5484, 8348, -2432, 1758, -2545, 1221, -23, 8155, 1686, -2442, 6196, -2285, 6385, 8341, 2753, -1574, 1174, -2695, 6570, -772, 5765, 6067, -2129, -2292, 1000, -2265, -1560, 5775, -707, -663, 1090, 0, 6055, -2812, 1355, 44, -38, -2480, 6185, -37, 1273, -213, 1400, -2633, 5720, 0, 1168, -2686, 2258]
